{"camera_angle_x": 0.5869607316815062, "w": 1079.0, "h": 1439.0, "frames": [{"file_path": "rgb/17_07_37_242", "transform_matrix": [[0.9999999999999997, -2.2336655006740264e-16, -6.342413403690409e-17, -0.04012742269171093], [-2.2336655006740264e-16, 1.0000000000000002, 1.3953496663437358e-16, -1.5741748118537904], [-6.342413403690409e-17, 1.3953496663437358e-16, 0.9999999999999997, 3.449772410972163], [0.0, 0.0, 0.0, 1.0]]}, {"file_path": "rgb/17_48_41_772", "transform_matrix": [[0.03049950069504242, -0.4929240120709484, 0.8695376350574092, 3.9684399465475786], [0.02970052428819437, 0.8700051400807811, 0.4921472697171312, 0.19929467120841626], [-0.999093418712364, 0.010815477654720957, 0.0411748239673317, 0.6319760973687408], [0.0, 0.0, 0.0, 1.0]]}, {"file_path": "rgb/17_31_06_295", "transform_matrix": [[-0.92747145540935, 0.016661221925943003, -0.37352256034247217, -1.9520229417109625], [-0.17725977064108456, 0.860007331733615, 0.47850429786648513, 0.16308225955139416], [0.3292046067617088, 0.5100096009374356, -0.7946788872484946, -3.4156407748118407], [0.0, 0.0, 0.0, 1.0]]}, {"file_path": "rgb/17_22_54_709", "transform_matrix": [[-0.2897333152963901, -0.0039084512643139694, -0.9570994358038649, -4.414433065852499], [-0.19720085096875944, 0.9787795301475422, 0.05569969247091202, -1.4171341700771771], [0.9365716365471246, 0.20487887976282854, -0.28435578812918283, -1.380548225963386], [0.0, 0.0, 0.0, 1.0]]}, {"file_path": "rgb/17_18_01_491", "transform_matrix": [[0.4378769766469023, 0.5653046498953239, -0.6990668109195957, -3.0301136798600377], [-0.11863311134876392, 0.8071071158742866, 0.5783634570032956, 0.3694702549626768], [0.8911733491382471, -0.17031957113560406, 0.4204774732062397, 0.85632603433792], [0.0, 0.0, 0.0, 1.0]]}, {"file_path": "rgb/17_42_06_646", "transform_matrix": [[-0.6186985774410353, -0.20156099809652694, 0.7593320975164756, 3.6247208588938618], [-0.046182160661758974, 0.9741878161608541, 0.2209644923519558, -0.697916811019323], [-0.784269901442769, 0.1016428201599993, -0.6120371384163477, -2.32919690235316], [0.0, 0.0, 0.0, 1.0]]}, {"file_path": "rgb/17_19_38_327", "transform_matrix": [[0.2326220469528892, 0.5058848489749065, -0.8306428250753047, -3.471820429605187], [-0.14610411514509142, 0.8625573772131534, 0.4844051595026994, 0.1157445257450979], [0.9615303275555676, 0.008677015201187716, 0.2745617209264261, 0.14233886058133144], [0.0, 0.0, 0.0, 1.0]]}, {"file_path": "rgb/17_58_05_605", "transform_matrix": [[0.9294646818406379, -0.16625971289025157, 0.32932220253200745, 1.610455573263433], [0.03777028960237358, 0.9308832126895736, 0.36335911926920306, -0.312238875454364], [-0.3669724927487538, -0.3252908732233185, 0.8715027466183777, 3.992915021277966], [0.0, 0.0, 0.0, 1.0]]}, {"file_path": "rgb/17_12_01_988", "transform_matrix": [[0.8994465645888657, 0.2350431964594063, -0.36844344647100513, -1.6201192182864315], [-0.04039841879257455, 0.8841670953637135, 0.46542079372880824, 0.023014143353050902], [0.4351595629287575, -0.40373660135568457, 0.8047564299323207, 2.403155938137928], [0.0, 0.0, 0.0, 1.0]]}, {"file_path": "rgb/17_11_02_814", "transform_matrix": [[0.8955070041431122, 0.037131688103065316, -0.4434957082872883, -1.818237390577398], [-0.053330533610483316, 0.998285967456559, -0.024103555010477683, -1.6757348053781915], [0.44184053652358324, 0.0452367651135522, 0.8959523287355261, 3.071257907666407], [0.0, 0.0, 0.0, 1.0]]}, {"file_path": "rgb/17_15_50_410", "transform_matrix": [[0.6184432386959926, 0.42060499601241536, -0.6637916825635936, -2.7855760909466802], [-0.09985506446284367, 0.8799164080990516, 0.4645170404400515, 0.02294179298975477], [0.7794593809893701, -0.22099446166693562, 0.5861778921967361, 1.5805104734623], [0.0, 0.0, 0.0, 1.0]]}, {"file_path": "rgb/17_43_58_256", "transform_matrix": [[-0.41930356446037353, -0.200212131112114, 0.8854939996331826, 4.229846120953607], [-0.018531749613653833, 0.977063358164738, 0.2121409163459555, -0.7443606306350584], [-0.9076569258740229, 0.07254168930615418, -0.413396429865483, -1.4689860288178755], [0.0, 0.0, 0.0, 1.0]]}, {"file_path": "rgb/17_23_53_598", "transform_matrix": [[-0.2821741191210993, 0.4679554682574815, -0.8374935499609245, -3.6561531849066666], [-0.18457381216285026, 0.8301790481930824, 0.5260563237951814, 0.22756489551018838], [0.9414405315057893, 0.3030188569530755, -0.14788271693794044, -1.0216821487248882], [0.0, 0.0, 0.0, 1.0]]}, {"file_path": "rgb/18_00_41_991", "transform_matrix": [[0.981552453769942, -0.14117987295298703, 0.12893030664348687, 0.42786321633896474], [0.0350295279294438, 0.795724780981345, 0.6046445278882717, 0.33309065028478674], [-0.1879566776447313, -0.5889739522297814, 0.7859910756004707, 3.92327760110027], [0.0, 0.0, 0.0, 1.0]]}, {"file_path": "rgb/17_14_17_349", "transform_matrix": [[0.7869272554555944, 0.39088740310277104, -0.4774437482224437, -2.2033736519772793], [-0.06166835089043825, 0.8197046312372273, 0.5694570502036965, 0.33116250335390146], [0.6139564391058847, -0.4186781050208056, 0.6691532972769454, 1.88291777360379], [0.0, 0.0, 0.0, 1.0]]}, {"file_path": "rgb/17_46_09_326", "transform_matrix": [[-0.19881213035745288, -0.3967700135804156, 0.8961290605410182, 3.932377155310027], [0.007055802520609521, 0.9137791239872562, 0.4061501301438581, -0.10489127340983045], [-0.9800122205735605, 0.08707048230301401, -0.17887084345415047, -0.2573387684777753], [0.0, 0.0, 0.0, 1.0]]}, {"file_path": "rgb/17_52_47_343", "transform_matrix": [[0.47291750795171217, -0.5426469722407196, 0.6941781429796833, 3.2354614753856383], [0.06028866110801971, 0.8059303519497726, 0.5889325471969757, 0.4242657177546513], [-0.8790416986779093, -0.23666544176135124, 0.41385403303744656, 2.20426822915361], [0.0, 0.0, 0.0, 1.0]]}, {"file_path": "rgb/17_17_01_142", "transform_matrix": [[0.41420433158555087, 0.24434419075784397, -0.8767728828714203, -3.3575280079120193], [-0.1372180558873548, 0.9690458373730773, 0.20523491469144878, -0.7974558033151257], [0.8997810716136796, 0.03529987978457875, 0.43491141816803636, 1.0420384997366525], [0.0, 0.0, 0.0, 1.0]]}, {"file_path": "rgb/17_27_37_205", "transform_matrix": [[-0.6684385788387296, 0.321000790880795, -0.670930964089423, -3.0010149847326173], [-0.19156925787663698, 0.7973305500840339, 0.5723331314359555, 0.4078419046280544], [0.7186731425040542, 0.5110992918764373, -0.4714726164760265, -2.302482405537003], [0.0, 0.0, 0.0, 1.0]]}, {"file_path": "rgb/17_49_01_451", "transform_matrix": [[0.01984913288677885, -0.6336499804914771, 0.7733651880882623, 3.709788733635449], [0.03507403283997875, 0.773482775560708, 0.632846117260147, 0.6148427300093282], [-0.9991875820605373, 0.01456358932592551, 0.037577622622549024, 0.710095598715055], [0.0, 0.0, 0.0, 1.0]]}, {"file_path": "rgb/17_56_10_925", "transform_matrix": [[0.8190810968307096, -0.259295764740042, 0.5117341724005522, 2.39180748755412], [0.04789037951367086, 0.9198155424217989, 0.38941735897277197, -0.21235923735564421], [-0.5716753172602768, -0.29445725378595927, 0.7658212959484691, 3.5201126144311417], [0.0, 0.0, 0.0, 1.0]]}, {"file_path": "rgb/17_15_10_931", "transform_matrix": [[0.6034441830362061, 0.22308934343630107, -0.7655627099101192, -2.896966105529704], [-0.11177468011515121, 0.9742533096182023, 0.1957981347795092, -0.8322621415983096], [0.7895324811842267, -0.0325827184737417, 0.6128432324925677, 1.728656941704253], [0.0, 0.0, 0.0, 1.0]]}, {"file_path": "rgb/17_25_25_431", "transform_matrix": [[-0.4982540169351666, 0.2635419048883758, -0.8260076264634464, -3.582748782150728], [-0.19830872748746176, 0.8927916142763586, 0.40447099040613244, -0.1334240606673955], [0.8440477375186038, 0.3653338170025054, -0.39257434830119176, -1.7931473830414253], [0.0, 0.0, 0.0, 1.0]]}, {"file_path": "rgb/17_45_16_651", "transform_matrix": [[-0.43585714478383225, -0.6772131912007666, 0.5927991590788226, 3.1277437134446475], [-0.0034209978475840575, 0.6598959522602543, 0.7513492057387559, 1.0072636157654533], [-0.9000093589039014, 0.325452954901636, -0.2899371104760157, -0.7199533402346069], [0.0, 0.0, 0.0, 1.0]]}, {"file_path": "rgb/17_59_37_771", "transform_matrix": [[0.9865323848532285, -0.05374720700925944, 0.15448330451703976, 0.7018017479827577], [0.016862822857403655, 0.9728582344162042, 0.23078670008010801, -0.8097894033062213], [-0.16269449542341766, -0.22507352902393832, 0.9606624837535965, 4.286132872936377], [0.0, 0.0, 0.0, 1.0]]}, {"file_path": "rgb/17_57_23_715", "transform_matrix": [[0.9290759132786208, -0.04179532198037506, 0.3675202013849754, 1.9887099678126114], [0.0317333731846425, 0.9989387820715286, 0.03338117283403127, -1.510225130323711], [-0.3685253592248712, -0.019350987933644457, 0.9294162678123141, 4.483482007883848], [0.0, 0.0, 0.0, 1.0]]}, {"file_path": "rgb/17_43_26_532", "transform_matrix": [[-0.6334906411530764, -0.5985829217211829, 0.4902938847213945, 2.680976470069618], [-0.031537258390808835, 0.6531074458377377, 0.7566082642454401, 1.0449507613902478], [-0.7731073721706806, 0.4638417294886682, -0.43261511887624277, -1.3691353364529728], [0.0, 0.0, 0.0, 1.0]]}, {"file_path": "rgb/17_36_46_220", "transform_matrix": [[-0.9687502125894442, -0.2060826483875546, 0.13803248763054987, 0.7965933930121541], [-0.1314210765831487, 0.8984250161603866, 0.4189999892206865, -0.048899414792554344], [-0.21036046738309097, 0.38776595050465795, -0.8974330289172481, -3.0753493668325538], [0.0, 0.0, 0.0, 1.0]]}, {"file_path": "rgb/17_37_27_140", "transform_matrix": [[-0.9737637702820218, -0.21859983366631486, 0.06323157761119878, 0.7593032291284121], [-0.12428902174089886, 0.7436642415355568, 0.6568985727919004, 0.7424876271700469], [-0.1906209819532778, 0.6318050400102905, -0.751322855140693, -2.7088992102111695], [0.0, 0.0, 0.0, 1.0]]}, {"file_path": "rgb/17_31_45_695", "transform_matrix": [[-0.9227479734488941, 0.14463556058721377, -0.35723484167922465, -1.7974508506296032], [-0.166527181212523, 0.6862908514884156, 0.7080067549682822, 0.8651713583996415], [0.34756995758173603, 0.7128011095508534, -0.6091877401997692, -2.9533565398849526], [0.0, 0.0, 0.0, 1.0]]}, {"file_path": "rgb/17_16_10_073", "transform_matrix": [[0.6243323832256438, 0.4949872508818026, -0.604315064118265, -2.6469548696261924], [-0.09297241119950309, 0.8152000596985417, 0.5716686045457148, 0.33870927319136274], [0.7756063473254572, -0.3007265936560467, 0.5549759543047722, 1.4610330620040108], [0.0, 0.0, 0.0, 1.0]]}, {"file_path": "rgb/17_49_21_017", "transform_matrix": [[0.01162135184989378, -0.7262603644611059, 0.6873214875107588, 3.4661116233336644], [0.040255817603758424, 0.687150464150452, 0.7253989997007656, 0.884024913423101], [-0.9991218210659967, 0.019238571429293586, 0.03722182208229568, 0.7532962258698953], [0.0, 0.0, 0.0, 1.0]]}, {"file_path": "rgb/17_27_56_809", "transform_matrix": [[-0.6633340160589245, 0.4094216452206513, -0.6263879784637895, -2.848304620352838], [-0.1857685128973052, 0.7207586256190693, 0.6678301155321121, 0.6951127470023829], [0.7248986430909229, 0.5593575958369789, -0.40204606356039935, -2.1382557713710066], [0.0, 0.0, 0.0, 1.0]]}, {"file_path": "rgb/17_35_52_786", "transform_matrix": [[-0.9882793433007249, -0.05960840671848689, -0.14053745925400513, 0.0005318341989964912], [-0.14418833630975889, 0.6668464193195071, 0.7311125609049375, 0.9534480591847858], [0.050136446596378496, 0.7428073040090785, -0.6676253783623362, -2.471814245877318], [0.0, 0.0, 0.0, 1.0]]}, {"file_path": "rgb/17_12_21_633", "transform_matrix": [[0.9026306050283236, 0.2711677315619481, -0.3342544722599072, -1.5644319016542845], [-0.0336214375292017, 0.8186325699900809, 0.573332638430698, 0.3383395760555746], [0.42910090865048495, -0.506269470451243, 0.7480398608926835, 2.2291900786265373], [0.0, 0.0, 0.0, 1.0]]}, {"file_path": "rgb/17_20_52_201", "transform_matrix": [[-0.001385408579903351, 0.24190410005150698, -0.9702991739774575, -3.8625453769998477], [-0.17686991522250403, 0.9549432783726847, 0.23832827817951843, -0.6584561261936981], [0.9842332618501827, 0.17194691468328224, 0.04146257105690778, -0.6786135545387155], [0.0, 0.0, 0.0, 1.0]]}, {"file_path": "rgb/17_12_58_880", "transform_matrix": [[0.7768570195812234, 0.046269561527511736, -0.627974759686589, -2.6681717920542276], [-0.08143044505684088, 0.9963043043788483, -0.02732792882792382, -1.6886530636825619], [0.6243895048326981, 0.07236615750633058, 0.7777537434834663, 2.6011923635276815], [0.0, 0.0, 0.0, 1.0]]}, {"file_path": "rgb/17_58_25_198", "transform_matrix": [[0.9255918567533236, -0.22984826359004376, 0.30074821767813686, 1.4556920668837967], [0.04464591482409932, 0.855276261149633, 0.5162453480695244, 0.13497854134514822], [-0.3758809080033908, -0.4644053109499788, 0.8018985285932374, 3.845641109532831], [0.0, 0.0, 0.0, 1.0]]}, {"file_path": "rgb/17_14_49_673", "transform_matrix": [[0.6117214848545072, 0.05159028659939183, -0.7893891735360886, -3.325288054330607], [-0.11276688754380058, 0.9933674759053019, -0.022465237305962223, -1.681324835979785], [0.7829945427913786, 0.10275942848285, 0.6134819034142712, 2.022104902080383], [0.0, 0.0, 0.0, 1.0]]}, {"file_path": "rgb/17_52_08_023", "transform_matrix": [[0.49031890497915065, -0.31433048561167537, 0.8128860419733966, 3.5852262013691125], [0.05093523002570539, 0.9414381621580064, 0.3333163499961922, -0.3796170141053835], [-0.8700534315559446, -0.12202677020917994, 0.47761542436362003, 2.1868463352076786], [0.0, 0.0, 0.0, 1.0]]}, {"file_path": "rgb/17_24_14_703", "transform_matrix": [[-0.275264074931461, 0.5724482379942138, -0.7723552963950248, -3.4610147675951928], [-0.17843787446662437, 0.7590091697292561, 0.6261509444397083, 0.5273773315333566], [0.944663757115705, 0.31017429791042495, -0.10678151014016793, -0.9457472528543783], [0.0, 0.0, 0.0, 1.0]]}, {"file_path": "rgb/17_40_11_411", "transform_matrix": [[-0.7813625779115756, -0.19631370274884605, 0.5923963638919593, 2.8712514152349367], [-0.07371503254914556, 0.9716227617652213, 0.22475609623768258, -0.6845261894752122], [-0.6197084926121759, 0.13194748551132676, -0.7736609368784122, -3.0093724006340543], [0.0, 0.0, 0.0, 1.0]]}, {"file_path": "rgb/17_50_56_623", "transform_matrix": [[0.2556532855628432, -0.6028244436998786, 0.7558069116241627, 3.563504164348935], [0.05019524375514228, 0.7890091202918867, 0.6123275639725725, 0.5240680520995801], [-0.9654645695649763, -0.11860564140948394, 0.2319716938347429, 1.4691923190985952], [0.0, 0.0, 0.0, 1.0]]}, {"file_path": "rgb/17_15_30_778", "transform_matrix": [[0.6105749791915214, 0.307986899397563, -0.7296178894357984, -2.904135026443689], [-0.10704476986114561, 0.9449231581798702, 0.3092921634648295, -0.44188109916864204], [0.784690774783703, -0.11074427721040905, 0.6099148244095207, 1.7024424931595115], [0.0, 0.0, 0.0, 1.0]]}, {"file_path": "rgb/17_11_42_239", "transform_matrix": [[0.8949509944359211, 0.17801618895377627, -0.409112397793722, -1.6470890665082745], [-0.047673143228987414, 0.9498589627461638, 0.30902301258231624, -0.438628540402254], [0.4436101768138592, -0.2570567784773532, 0.8585638145566236, 2.5733121858280255], [0.0, 0.0, 0.0, 1.0]]}, {"file_path": "rgb/17_17_40_394", "transform_matrix": [[0.4311845161109196, 0.47672035653238426, -0.7660402174388944, -3.1984381320848705], [-0.1254241447693912, 0.8724465201717004, 0.47234082329305144, 0.05588166986310278], [0.8935036077011993, -0.10758611019981573, 0.43597767364512396, 0.9370878638391469], [0.0, 0.0, 0.0, 1.0]]}, {"file_path": "rgb/17_31_25_876", "transform_matrix": [[-0.9247815112459562, 0.08987232743462611, -0.3697324995441007, -1.8711725949265403], [-0.17183358903772641, 0.7683317028775214, 0.6165546302086636, 0.5894336176363753], [0.3394884005913292, 0.633710785070612, -0.6950958687469875, -3.1791227635068062], [0.0, 0.0, 0.0, 1.0]]}, {"file_path": "rgb/17_29_53_616", "transform_matrix": [[-0.8170914462901024, 0.2847334147775838, -0.5012867950671, -2.3443596366087966], [-0.17816985130390936, 0.7022368060421921, 0.6892887437975493, 0.7804878056238039], [0.5482855756682746, 0.6525261303187458, -0.5230607773149802, -2.6012230375066863], [0.0, 0.0, 0.0, 1.0]]}, {"file_path": "rgb/17_25_45_104", "transform_matrix": [[-0.4901087212040372, 0.4052710865624459, -0.7717180753333676, -3.4089688745899362], [-0.19208122932176902, 0.8133639888120627, 0.5491300602279654, 0.3114553564232845], [0.8502342281642044, 0.4173659881928869, -0.32079181591461103, -1.6720835648055858], [0.0, 0.0, 0.0, 1.0]]}, {"file_path": "rgb/17_39_39_014", "transform_matrix": [[-0.9144979230743061, -0.3533231337436687, 0.19712004427336682, 1.5064210377630796], [-0.0885803607605673, 0.6502363626682374, 0.7545503245983721, 1.036530879239396], [-0.3947747058517152, 0.6725737400653807, -0.6259372938195623, -2.203008010954926], [0.0, 0.0, 0.0, 1.0]]}, {"file_path": "rgb/17_23_14_284", "transform_matrix": [[-0.2996607894416856, 0.20457455781515207, -0.93185442080076, -3.885093962473355], [-0.19533636599964188, 0.9428916846160763, 0.26981285217704437, -0.6134912993365439], [0.9338346295727302, 0.2628773884848076, -0.2425868158704587, -1.115000236404175], [0.0, 0.0, 0.0, 1.0]]}, {"file_path": "rgb/17_50_36_966", "transform_matrix": [[0.2658019793243006, -0.46314651014508856, 0.8454848419266363, 3.8241839062723804], [0.04468894517056484, 0.8820106366055602, 0.4691056758281621, 0.10329077216944926], [-0.9629912803171304, -0.08690539140398593, 0.2551377019926566, 1.445719628463439], [0.0, 0.0, 0.0, 1.0]]}, {"file_path": "rgb/17_32_57_793", "transform_matrix": [[-0.9807112829128932, -0.0815007061995421, -0.17765982791932125, -1.217204791564912], [-0.161230453953698, 0.8511429949538796, 0.49956014939026555, 0.24090191020015136], [0.11049941305378655, 0.518568449705452, -0.8478659343816404, -3.622934685416671], [0.0, 0.0, 0.0, 1.0]]}, {"file_path": "rgb/17_35_13_256", "transform_matrix": [[-0.9875638526835582, -0.11627142973101187, -0.10582339770160876, -0.02577748985043273], [-0.15413844475946023, 0.8486283788817565, 0.5060347956451778, 0.2684068431811213], [0.030967349255970483, 0.5160531263201767, -0.8559966086937664, -2.9827155291093557], [0.0, 0.0, 0.0, 1.0]]}, {"file_path": "rgb/17_20_32_477", "transform_matrix": [[0.008960065735570162, 0.023771109071667924, -0.9996772737216328, -4.418914760657772], [-0.1779972915176355, 0.9837895172399181, 0.021797935251642416, -1.483379703059179], [0.9839901836067266, 0.17774453618143035, 0.013046011775561781, -0.7597486549249575], [0.0, 0.0, 0.0, 1.0]]}, {"file_path": "rgb/17_26_56_285", "transform_matrix": [[-0.6813231790533375, 0.10530455694050253, -0.7243684669919154, -3.1948455462984167], [-0.20128288059862168, 0.924494925375763, 0.3237195312803717, -0.41808209309640476], [0.7037641136507131, 0.3663605918245396, -0.6086838170145467, -2.519818818035351], [0.0, 0.0, 0.0, 1.0]]}, {"file_path": "rgb/17_25_05_844", "transform_matrix": [[-0.50587257922194, 0.1602982817870077, -0.8475832669699623, -3.6178105218919074], [-0.20226333751333808, 0.9331463259178383, 0.29719938883518104, -0.5231551671417275], [0.8385597628608867, 0.3217800417710406, -0.4396306732116398, -1.8255960043283241], [0.0, 0.0, 0.0, 1.0]]}, {"file_path": "rgb/17_54_19_501", "transform_matrix": [[0.6709932545111842, -0.34079876646658885, 0.6585015210121692, 3.0547254250082303], [0.053473793973452616, 0.9080401283337944, 0.41545598887683755, -0.10072721527168445], [-0.7395326941782723, -0.24355559141682157, 0.627512603961887, 2.9368115552317215], [0.0, 0.0, 0.0, 1.0]]}, {"file_path": "rgb/17_56_50_364", "transform_matrix": [[0.8085056883478163, -0.4148781233564951, 0.4173663794191096, 2.0277333101880206], [0.060748020549338, 0.7642672290707757, 0.6420321491699741, 0.5245461994889613], [-0.585344539488121, -0.4937324633125427, 0.643117426884677, 3.265694442226735], [0.0, 0.0, 0.0, 1.0]]}, {"file_path": "rgb/17_42_26_293", "transform_matrix": [[-0.6108208095633518, -0.36346963615081745, 0.7034115169662518, 3.08880906649787], [-0.043118598091731554, 0.9023571333875664, 0.42882676026943284, 0.0011945920459895637], [-0.7905939065683308, 0.23160619037704142, -0.5668508158907938, -1.8679334352060086], [0.0, 0.0, 0.0, 1.0]]}, {"file_path": "rgb/17_19_18_718", "transform_matrix": [[0.2231481555018286, 0.35994456943350345, -0.9058944793028935, -3.6477876670572136], [-0.15303608170766136, 0.9307398799474694, 0.33211930623036107, -0.3455536666725908], [0.9626966595930915, 0.06452273096126512, 0.2627773940003259, 0.1859122014706446], [0.0, 0.0, 0.0, 1.0]]}, {"file_path": "rgb/17_59_59_126", "transform_matrix": [[0.9849709250498381, -0.0790863113916734, 0.1535500965708748, 0.6234136753092866], [0.0215761230008054, 0.9383861204760666, 0.34491442389980004, -0.4260537258204655], [-0.17136728895188783, -0.3364176634012191, 0.925989421121507, 4.274818208230612], [0.0, 0.0, 0.0, 1.0]]}, {"file_path": "rgb/17_17_20_745", "transform_matrix": [[0.4223175327187978, 0.34410371728741346, -0.8385943794870618, -3.349913473532679], [-0.13251750351584418, 0.9386413549006987, 0.31842034817534653, -0.40790517814042104], [0.8967089900409355, -0.023346062176828872, 0.44200446667494253, 1.021739678207644], [0.0, 0.0, 0.0, 1.0]]}, {"file_path": "rgb/17_40_32_127", "transform_matrix": [[-0.7751960002975173, -0.3221118508826806, 0.5434290355176697, 2.439632915966252], [-0.07075672922461863, 0.8990957256072643, 0.43199578871116484, 0.0131584701985806], [-0.6277456860800915, 0.29643014643534704, -0.7197669913882918, -2.446694751843639], [0.0, 0.0, 0.0, 1.0]]}, {"file_path": "rgb/17_46_28_934", "transform_matrix": [[-0.20800574667729985, -0.49902870195232374, 0.841251427325385, 3.8560335382324284], [0.009839023426795, 0.8589520688544301, 0.5119614604916092, 0.26947401377968544], [-0.9780781170066253, 0.11476801836083744, -0.17375701135292515, -0.16893354771805014], [0.0, 0.0, 0.0, 1.0]]}, {"file_path": "rgb/17_58_46_280", "transform_matrix": [[0.922419543600741, -0.27490701006929413, 0.2712348086034707, 1.3327077405682248], [0.05092324863956463, 0.7827862141907446, 0.6202036485066134, 0.4373879012067292], [-0.3828171996284825, -0.5582758087967652, 0.7360564604572963, 3.680262609851997], [0.0, 0.0, 0.0, 1.0]]}, {"file_path": "rgb/17_21_11_791", "transform_matrix": [[0.007485330772804148, 0.3555336702353964, -0.9346334999090126, -3.834707396027503], [-0.17228856032156226, 0.9211410184452397, 0.34902131184211443, -0.26725628944694824], [0.985018081968826, 0.15841412016173056, 0.06814942940215792, -0.678316890930551], [0.0, 0.0, 0.0, 1.0]]}, {"file_path": "rgb/17_44_17_795", "transform_matrix": [[-0.4100155918975615, -0.3894244753601799, 0.8247640828693624, 3.614218873049823], [-0.01560675312658001, 0.9071318594935208, 0.42055703388324567, -0.038359490601625745], [-0.911944978415769, 0.15956305174530963, -0.37801585794776577, -1.1297729248767225], [0.0, 0.0, 0.0, 1.0]]}, {"file_path": "rgb/17_41_11_529", "transform_matrix": [[-0.7881670560508486, -0.44927886427251795, 0.4206437850178394, 2.2708307413443305], [-0.06372635919208197, 0.7393606517012813, 0.6702870861503885, 0.797034257296174], [-0.6121532838270654, 0.5014921024640895, -0.6113706144932769, -2.0957430847309024], [0.0, 0.0, 0.0, 1.0]]}, {"file_path": "rgb/17_41_31_125", "transform_matrix": [[-0.7934669206237552, -0.49130679326621374, 0.35920451106065604, 2.1315990436492007], [-0.0591249639814813, 0.6496354998876166, 0.7579432405661753, 1.0563231937705022], [-0.605734665105146, 0.5801649353211864, -0.5445127760794229, -1.8816524519245907], [0.0, 0.0, 0.0, 1.0]]}, {"file_path": "rgb/17_16_41_567", "transform_matrix": [[0.4236374652023912, 0.048217377194126096, -0.9045476121318383, -3.857660955590343], [-0.13824793641731195, 0.9903254650760415, -0.011957478759221556, -1.6423746944966346], [0.8952199764042614, 0.13011747676020205, 0.4262049226467363, 1.2185039617526718], [0.0, 0.0, 0.0, 1.0]]}, {"file_path": "rgb/17_10_09_106", "transform_matrix": [[0.975236754812315, 0.1142933076491529, -0.1893417859051718, -0.9579431600266337], [-0.011195110166671988, 0.8805307584972675, 0.4738567851667666, 0.05263097300658113], [0.22087992568701176, -0.46000285125947094, 0.860005485599747, 2.6375356369395817], [0.0, 0.0, 0.0, 1.0]]}, {"file_path": "rgb/17_29_33_974", "transform_matrix": [[-0.8207759011000652, 0.21166334486330368, -0.5305898120155087, -2.4613606426775374], [-0.18368605392792478, 0.7817045232639569, 0.5959844560901377, 0.4996376617094497], [0.5409125195128711, 0.5866316278125034, -0.6027246298968453, -2.801951079471519], [0.0, 0.0, 0.0, 1.0]]}, {"file_path": "rgb/17_35_33_187", "transform_matrix": [[-0.9879189153120672, -0.08594302219489021, -0.12895741042932354, -0.00853190184713877], [-0.14921733456731956, 0.7521816066729592, 0.6418387785476276, 0.6861576823625891], [0.04183782777885288, 0.653327350964962, -0.7559186256786192, -2.71844049098496], [0.0, 0.0, 0.0, 1.0]]}, {"file_path": "rgb/17_47_08_236", "transform_matrix": [[-0.22654877215326424, -0.7188285589763125, 0.6572375191936976, 3.388065919585508], [0.01996359222425603, 0.6712132636214396, 0.7409954181532835, 0.946080257346628], [-0.973795208871635, 0.18099242398148574, -0.13771214049586966, 0.05607500644961717], [0.0, 0.0, 0.0, 1.0]]}, {"file_path": "rgb/17_13_18_561", "transform_matrix": [[0.7701845983755706, 0.1827443156121082, -0.6110811726248174, -2.344015796192474], [-0.08068371106007102, 0.978294047521354, 0.1908687909372869, -0.8361775744801992], [0.6326972603027727, -0.0976999063241546, 0.7682114976421632, 2.2072491610275913], [0.0, 0.0, 0.0, 1.0]]}, {"file_path": "rgb/17_51_16_301", "transform_matrix": [[0.24781273890847283, -0.6956958111126087, 0.674237484003263, 3.3217142172093723], [0.055722607679446236, 0.7050286069407137, 0.7069863183885805, 0.7988706680097305], [-0.9672041343108926, -0.13762994512680082, 0.2134810548416655, 1.4595024280534956], [0.0, 0.0, 0.0, 1.0]]}, {"file_path": "rgb/17_44_56_966", "transform_matrix": [[-0.4283583543933934, -0.6010248894236031, 0.6747430640730806, 3.339225842389918], [-0.00824298773430805, 0.7492882472706519, 0.6621927028103577, 0.7455618730517225], [-0.9035713438210595, 0.27809387766619453, -0.3259181213586991, -0.8604202425912733], [0.0, 0.0, 0.0, 1.0]]}, {"file_path": "rgb/17_36_25_094", "transform_matrix": [[-0.9704569515296285, -0.17178123231461218, 0.16942406397053814, 0.9700376057429417], [-0.13439455040229925, 0.9680484607210323, 0.21170801240813686, -0.7538211045644763], [-0.20037816759812802, 0.18268384143134644, -0.9625358196087573, -3.7540866134735182], [0.0, 0.0, 0.0, 1.0]]}, {"file_path": "rgb/17_50_17_031", "transform_matrix": [[0.27486015457574664, -0.35752562701004786, 0.8925398150545826, 3.9212323294954876], [0.04132470199401032, 0.9318287982072956, 0.3605375983675676, -0.27193793942354183], [-0.960595734131535, -0.06221347814275823, 0.2708972475048014, 1.3858464978478136], [0.0, 0.0, 0.0, 1.0]]}, {"file_path": "rgb/17_48_21_970", "transform_matrix": [[0.03991113002833496, -0.3856547194503093, 0.9217795501450248, 4.05755487166169], [0.02659406142501726, 0.9225977656888991, 0.3848455776578105, -0.17526205813362838], [-0.9988492667048334, 0.009154240086151157, 0.04707804468817026, 0.5566041032739165], [0.0, 0.0, 0.0, 1.0]]}, {"file_path": "rgb/17_33_36_981", "transform_matrix": [[-0.9800155927125099, -0.005434312776639914, -0.19884643895477042, -1.1558515122629882], [-0.15094734225781328, 0.6713597866188301, 0.725596952017042, 0.9292867300990291], [0.12955438203955172, 0.7411116684790251, -0.6587633542772283, -3.122224044352303], [0.0, 0.0, 0.0, 1.0]]}, {"file_path": "rgb/17_28_31_519", "transform_matrix": [[-0.8240649260130136, -0.08443612921497573, -0.5601674194366871, -2.8977628881024575], [-0.1951911142589968, 0.9705994332507523, 0.1408444854712098, -1.0665540916829777], [0.5318058166563211, 0.2254047032706074, -0.816318132295242, -3.6632707407751623], [0.0, 0.0, 0.0, 1.0]]}, {"file_path": "rgb/17_44_37_396", "transform_matrix": [[-0.41869054027934366, -0.48182928050570595, 0.7697654031768022, 3.554746170196958], [-0.012924370620276812, 0.8507145626455782, 0.5254690224426294, 0.3364595223046562], [-0.908036999314819, 0.21006017554523942, -0.36241348005453966, -1.0340202753447765], [0.0, 0.0, 0.0, 1.0]]}, {"file_path": "rgb/17_29_13_931", "transform_matrix": [[-0.8256010225492446, 0.11044151277377234, -0.5533404230868022, -2.58389876114664], [-0.18934358969012274, 0.869571171717593, 0.4560646690557719, 0.06750073091047834], [0.5315373520354886, 0.4812989191489348, -0.6970074560699956, -3.009323937614319], [0.0, 0.0, 0.0, 1.0]]}, {"file_path": "rgb/17_52_27_732", "transform_matrix": [[0.4821080804751242, -0.41219011331526617, 0.7730919151211831, 3.485492229274523], [0.054565667655747406, 0.8948261026558423, 0.443067527493314, -0.002652740017350043], [-0.8744108797664135, -0.17142215869281302, 0.45389432344459024, 2.232084153008252], [0.0, 0.0, 0.0, 1.0]]}, {"file_path": "rgb/17_43_06_905", "transform_matrix": [[-0.6269367394629877, -0.5377105549231547, 0.5637532118185674, 2.8594934220069947], [-0.03611585071474487, 0.742904548363691, 0.6684223794485717, 0.7843852416976375], [-0.7782325937910001, 0.39869812031758245, -0.4851740294127031, -1.549826992707038], [0.0, 0.0, 0.0, 1.0]]}, {"file_path": "rgb/17_23_33_881", "transform_matrix": [[-0.2912947956796548, 0.31629336114101486, -0.902832128198852, -3.847941343854524], [-0.19116541592246425, 0.9054784525124961, 0.37889913669836534, -0.2235467221090432], [0.9373383197998147, 0.2829616259030451, -0.20329680888092125, -1.09510230370909], [0.0, 0.0, 0.0, 1.0]]}, {"file_path": "rgb/17_09_29_713", "transform_matrix": [[0.970855334532315, 0.07043711995171906, -0.2290819319436891, -0.8804308209998819], [-0.02315545593586121, 0.9789329735746463, 0.20286463000903646, -0.7920467805214129], [0.23854505710776774, -0.191647711651373, 0.9520333031718181, 2.8479884381535796], [0.0, 0.0, 0.0, 1.0]]}, {"file_path": "rgb/17_32_37_785", "transform_matrix": [[-0.9812618613921189, -0.10835232205660479, -0.1593265002509482, -1.231300271887172], [-0.16406134801782793, 0.9034747066714477, 0.39600167738472375, -0.14137972598561682], [0.10103976179626849, 0.41472066347106884, -0.9043217004065915, -3.710627778279897], [0.0, 0.0, 0.0, 1.0]]}, {"file_path": "rgb/17_13_38_094", "transform_matrix": [[0.7758651028605699, 0.2486210541235081, -0.5798455946281497, -2.3693089090105017], [-0.07587517081834917, 0.9491786129095415, 0.3054552655437546, -0.44811850610502296], [0.6263196473179193, -0.1929961974797295, 0.7552987270887735, 2.1797139189611627], [0.0, 0.0, 0.0, 1.0]]}, {"file_path": "rgb/17_34_53_626", "transform_matrix": [[-0.9873587436197417, -0.13455870862217134, -0.08376553785166346, -0.03678538700431317], [-0.15704540342497356, 0.9019804813262238, 0.4022038694115223, -0.11083372442744364], [0.021434846879138564, 0.41027449986618375, -0.9117101414917025, -3.075704226199674], [0.0, 0.0, 0.0, 1.0]]}, {"file_path": "rgb/17_53_59_777", "transform_matrix": [[0.6778245190203004, -0.2559064828359297, 0.6892501675425565, 3.152938086985932], [0.04961706593791034, 0.9512545194805913, 0.3043895299373198, -0.4802263550557953], [-0.7335475909459529, -0.17212411571390415, 0.6574809659656277, 2.9080370476245143], [0.0, 0.0, 0.0, 1.0]]}, {"file_path": "rgb/17_39_19_292", "transform_matrix": [[-0.910745620077896, -0.33401156210963534, 0.24285529001034692, 1.5938427538787843], [-0.09323241698359021, 0.7391909229239463, 0.6670116160084791, 0.775383402749372], [-0.4023060177679752, 0.5848359221558863, -0.7043556006902675, -2.4350017808503663], [0.0, 0.0, 0.0, 1.0]]}, {"file_path": "rgb/17_27_17_623", "transform_matrix": [[-0.6751380370397957, 0.19583174464447636, -0.7112232833165342, -3.156766082007012], [-0.19756149740383858, 0.8809039575261485, 0.43009030721270936, -0.03131772623175047], [0.7107447401744197, 0.4308806626019205, -0.5560429559936224, -2.469597686333635], [0.0, 0.0, 0.0, 1.0]]}, {"file_path": "rgb/17_13_57_721", "transform_matrix": [[0.7822088471034695, 0.33473428557577206, -0.5254543534629221, -2.2993957688620896], [-0.06841587911223705, 0.884454068641824, 0.46158451874843454, 0.015267503914518745], [0.6192484049219342, -0.3251060727255047, 0.7147289377649669, 2.0313406519741273], [0.0, 0.0, 0.0, 1.0]]}]}