{"camera_angle_x": 0.5870227852179017, "w": 1079.0, "h": 1439.0, "frames": [{"file_path": "rgb/12_14_43_193", "transform_matrix": [[0.9999999999999999, 6.599948786178377e-18, -2.646178674984708e-17, -0.39005593137020245], [6.599948786178377e-18, 1.0, -8.477456557935805e-17, -1.5480101022852875], [-2.646178674984708e-17, -8.477456557935805e-17, 0.9999999999999996, 4.787705705716508], [0.0, 0.0, 0.0, 1.0]]}, {"file_path": "rgb/12_22_13_889", "transform_matrix": [[0.5258937598857976, 0.09851418497637132, -0.8448258451726128, -4.493004800575342], [-0.07741280100535132, 0.9946910302783482, 0.06780127229119051, -1.2081236182218162], [0.84702007742065, 0.029744069026270244, 0.5307280648355386, 2.5980779187303784], [0.0, 0.0, 0.0, 1.0]]}, {"file_path": "rgb/12_52_30_233", "transform_matrix": [[0.9176925278149157, -0.23149542008158416, 0.32287814245303237, 0.868961943924141], [0.0381013660539183, 0.8602342958184213, 0.5084734429668969, 0.10457833374154478], [-0.39546012478819537, -0.45432018090663284, 0.7982508771830249, 3.0213567186190846], [0.0, 0.0, 0.0, 1.0]]}, {"file_path": "rgb/12_54_06_838", "transform_matrix": [[0.9918620921841129, -0.07286286308267917, 0.10440590630586448, -0.27031043694996065], [0.004351357087484783, 0.838968873474805, 0.5441620117500979, 0.25657023742233187], [-0.1272425077544897, -0.5392793640811886, 0.8324584744577573, 3.3585749270584992], [0.0, 0.0, 0.0, 1.0]]}, {"file_path": "rgb/12_51_22_578", "transform_matrix": [[0.8599434980124439, -0.16427683399134005, 0.4832290368344004, 1.5343455608130683], [0.0439048388598387, 0.9670855691499934, 0.2506349278662591, -0.5970961869673508], [-0.5084973405543161, -0.19431578359879792, 0.8388514951369949, 2.8839673983016705], [0.0, 0.0, 0.0, 1.0]]}, {"file_path": "rgb/12_29_14_808", "transform_matrix": [[-0.6252059718607377, 0.3351460179536483, -0.7048366047528201, -2.70830377415028], [-0.0857644138284861, 0.8681321284354421, 0.4888671321522907, 0.1695943370004916], [0.7757331745325361, 0.3660925487195304, -0.5140177892852653, -1.7362569474228755], [0.0, 0.0, 0.0, 1.0]]}, {"file_path": "rgb/12_52_53_547", "transform_matrix": [[0.954915785453742, -0.027789942363429587, 0.2955732765232671, 0.5005138967480096], [0.0201960487884575, 0.9993836039055574, 0.028714662771388424, -1.346333368593253], [-0.2961890651333988, -0.02145067244115154, 0.9548884261248667, 3.8512356478809138], [0.0, 0.0, 0.0, 1.0]]}, {"file_path": "rgb/12_54_37_127", "transform_matrix": [[0.9998931288503216, 0.0012621391545749052, 0.014564953919172731, -0.9358730725487021], [-0.005331022339703439, 0.9591456950138588, 0.2828623621784898, -0.4958633809125302], [-0.013612901186988772, -0.282909778447363, 0.9590499185027523, 3.5954293881087724], [0.0, 0.0, 0.0, 1.0]]}, {"file_path": "rgb/12_48_35_770", "transform_matrix": [[0.4226800191520427, -0.53277996104135, 0.7331351270553105, 2.5427326655848543], [0.083119849574364, 0.8283310924354536, 0.5540385292661725, 0.30653077933131073], [-0.9024592467343685, -0.17324293468267585, 0.39440359223284227, 1.2183359008339838], [0.0, 0.0, 0.0, 1.0]]}, {"file_path": "rgb/12_30_15_453", "transform_matrix": [[-0.6263528417622801, 0.5277852966727695, -0.5736939935473897, -2.4095367201718747], [-0.08155461302357128, 0.6875350700495891, 0.7215569087372681, 0.7674798465504045], [0.7752618671848186, 0.4987366119184987, -0.38759621930710986, -1.443923299515603], [0.0, 0.0, 0.0, 1.0]]}, {"file_path": "rgb/12_19_07_992", "transform_matrix": [[0.7847430140863056, 0.35840896440338244, -0.5056890507792647, -2.8765701610388485], [-0.06098655864530686, 0.8565523376379689, 0.5124438823437486, 0.07265038945993636], [0.6168136197485764, -0.37129652182888234, 0.6940315924872813, 3.351280912371992], [0.0, 0.0, 0.0, 1.0]]}, {"file_path": "rgb/12_16_42_495", "transform_matrix": [[0.9410052141074388, 0.1157075594295815, -0.31799520077111637, -1.7637111505749847], [-0.04179220958270872, 0.9722681648268361, 0.23010438257984456, -0.7840694467758623], [0.335801426799839, -0.2032397017196848, 0.9197450871867081, 4.15756134644319], [0.0, 0.0, 0.0, 1.0]]}, {"file_path": "rgb/12_16_29_145", "transform_matrix": [[0.941992222627681, 0.04478878604834259, -0.33263285639466955, -1.9396635951639707], [-0.04502817651165548, 0.9989612418054372, 0.006992902871761524, -1.525525868884342], [0.3326005349198889, 0.008390590852525293, 0.9430304778511396, 4.584586233681811], [0.0, 0.0, 0.0, 1.0]]}, {"file_path": "rgb/12_29_42_344", "transform_matrix": [[-0.6218349267521637, 0.07245635248178896, -0.7797893310735702, -3.1751839162921742], [-0.0925575417690522, 0.9819328943233977, 0.16504815208703563, -0.8183459271794142], [0.7776595819076628, 0.17480808914552504, -0.6038937875458635, -2.209565006650065], [0.0, 0.0, 0.0, 1.0]]}, {"file_path": "rgb/12_32_38_768", "transform_matrix": [[-0.9535711553029839, -0.03448896846313959, -0.29918650174845984, -1.554629269511906], [-0.18913986276974692, 0.8416567011431919, 0.5058063955034586, 0.6749346175619013], [0.23436758326520743, 0.5389104828031354, -0.8091027916397997, -4.167722051527378], [0.0, 0.0, 0.0, 1.0]]}, {"file_path": "rgb/12_46_12_065", "transform_matrix": [[0.027687425228467014, -0.12564634556432455, 0.991688661995562, 3.792130913688616], [0.08097069516853604, 0.9890909115379204, 0.12305655300312039, -1.0079551245332432], [-0.9963318488375957, 0.07689060124238913, 0.03755905260309189, 0.6303320200154959], [0.0, 0.0, 0.0, 1.0]]}, {"file_path": "rgb/12_44_23_219", "transform_matrix": [[-0.3122514639262321, -0.6543066977067161, 0.6887537793813233, 2.5896090232566524], [0.08626573581798792, 0.7024801978844638, 0.7064557979123574, 0.7910867611902738], [-0.9460746514412618, 0.2800077086730579, -0.1629062214403055, -1.0590273561540093], [0.0, 0.0, 0.0, 1.0]]}, {"file_path": "rgb/12_45_48_639", "transform_matrix": [[-0.0888886124889377, -0.5912562136829274, 0.8015702741189443, 2.9736138377344363], [0.08483908639196615, 0.797336969593955, 0.5975417025939737, 0.43440519392771715], [-0.9924218578759575, 0.1211191425830648, -0.020712539920908348, 0.09614267032952822], [0.0, 0.0, 0.0, 1.0]]}, {"file_path": "rgb/12_51_48_190", "transform_matrix": [[0.8622785193938663, -0.34570788431641064, 0.370083522618059, 1.3035351316726997], [0.04794585067785513, 0.7832072386034546, 0.6199093617634177, 0.4065689363651663], [-0.5041596477254969, -0.5167905573059765, 0.6919180366811374, 2.608285107463619], [0.0, 0.0, 0.0, 1.0]]}, {"file_path": "rgb/12_55_40_334", "transform_matrix": [[0.9914523029266827, 0.07783264070171657, -0.10471108376277595, -1.4699743427081389], [-0.008879947761926441, 0.8409648241847886, 0.5410169230362327, 0.2607562906986242], [0.1301671139309889, -0.5354626453126727, 0.8344676614019453, 3.3372896130126573], [0.0, 0.0, 0.0, 1.0]]}, {"file_path": "rgb/12_35_30_023", "transform_matrix": [[-0.9725612051586421, 0.07683707719338277, -0.21959227169631337, -1.2657947110934986], [-0.05300825475539114, 0.8458707929257947, 0.5307473283991874, 0.44051475490174347], [0.2265277624225271, 0.5278244644230363, -0.8185881184138806, -4.18422910607035], [0.0, 0.0, 0.0, 1.0]]}, {"file_path": "rgb/12_44_14_979", "transform_matrix": [[-0.3142887060802448, -0.5614306393549767, 0.7655182861459727, 2.76858390701023], [0.08593059848957117, 0.7862448691645433, 0.6119108905352596, 0.5527598437221211], [-0.9454303472353894, 0.25809812650597114, -0.1988638117418, -1.1405033812086312], [0.0, 0.0, 0.0, 1.0]]}, {"file_path": "rgb/12_53_09_960", "transform_matrix": [[0.9567366266722778, -0.12267030764897738, 0.26383142876665516, 0.31537176800472955], [0.021674692057699885, 0.9343058488885165, 0.35581285594665124, -0.297907038096242], [-0.2901469195217369, -0.33470072655136796, 0.896543467288693, 3.3887817663363324], [0.0, 0.0, 0.0, 1.0]]}, {"file_path": "rgb/12_40_52_873", "transform_matrix": [[-0.7842692117436929, -0.43595765135164105, 0.4414325879892504, 1.3268802329733387], [0.04707897581346926, 0.6676357971990402, 0.7429979894553934, 0.915874172607587], [-0.6186318562338033, 0.6034926416505529, -0.5030817606774824, -2.5511770994388616], [0.0, 0.0, 0.0, 1.0]]}, {"file_path": "rgb/12_50_29_890", "transform_matrix": [[0.7616946614676594, -0.06978144810700307, 0.6441675187338747, 2.2590905261164163], [0.05235235507632777, 0.9975612698206014, 0.046159981281093686, -1.2530891864835545], [-0.6458176783037372, -0.0014361246458634124, 0.7634903168582898, 3.0029655847947723], [0.0, 0.0, 0.0, 1.0]]}, {"file_path": "rgb/12_55_15_548", "transform_matrix": [[0.9914842186137077, 0.021769311170911028, -0.12839447546958077, -1.576217681128191], [-0.01467597333089536, 0.9983264849240392, 0.05593608232619303, -1.2327385445520362], [0.1293972953610529, -0.05357542897967173, 0.9901444406564569, 4.035848396115204], [0.0, 0.0, 0.0, 1.0]]}, {"file_path": "rgb/12_15_05_733", "transform_matrix": [[0.9999462571081054, 0.001203120230940253, -0.010297349037513821, -0.4396389182712118], [0.002462165601216804, 0.9372675312415863, 0.348602226930429, -0.4011553832478593], [0.010070781302494258, -0.34860884581721685, 0.9372141974927314, 4.328235905279092], [0.0, 0.0, 0.0, 1.0]]}, {"file_path": "rgb/12_15_50_894", "transform_matrix": [[0.9871133523025328, 0.05371439207647744, -0.15073816301755968, -1.1047252798900369], [-0.01809891727366957, 0.9734116804538268, 0.2283465120153535, -0.776207142203776], [0.15899578264713435, -0.22267569341962615, 0.9618398394018164, 4.222767073894337], [0.0, 0.0, 0.0, 1.0]]}, {"file_path": "rgb/12_29_58_732", "transform_matrix": [[-0.6253989670844062, 0.3352484688240998, -0.7046166306019565, -2.7070347897283895], [-0.08551484670884833, 0.8681156451099291, 0.48894011668887805, 0.16972131590871747], [0.775605146296825, 0.36603782709778476, -0.5142499063406937, -1.7381464370188426], [0.0, 0.0, 0.0, 1.0]]}, {"file_path": "rgb/12_49_43_163", "transform_matrix": [[0.6079901648479545, -0.09094547972942972, 0.7887185043885686, 2.4966910852076163], [0.06287527007110327, 0.9958129464460197, 0.06635718577503562, -1.1986948049768962], [-0.7914509838654836, 0.009246372655297706, 0.6111626990671768, 2.712147605199896], [0.0, 0.0, 0.0, 1.0]]}, {"file_path": "rgb/12_53_50_575", "transform_matrix": [[0.9916163004226439, -0.037127055837526596, 0.12376871357877434, -0.23368021432916206], [0.0007893721061275481, 0.9595564934409582, 0.28151503119188925, -0.49759933770958187], [-0.12921489708151127, -0.2790571941737559, 0.9515411671347086, 3.5657150845244647], [0.0, 0.0, 0.0, 1.0]]}, {"file_path": "rgb/12_43_12_052", "transform_matrix": [[-0.4227598251854413, -0.3135005938656442, 0.8502890731128229, 2.7280153133773952], [0.0776376824008483, 0.9222800988696742, 0.3786447008745385, -0.08993933344969067], [-0.9029100290065448, 0.2260902405563585, -0.3655635138311367, -1.881637198704583], [0.0, 0.0, 0.0, 1.0]]}, {"file_path": "rgb/12_43_20_591", "transform_matrix": [[-0.4216651222508893, -0.41000774971080095, 0.8087596490022408, 2.681417588077901], [0.0787784074024674, 0.8719932106082525, 0.4831374578525684, 0.2368018097491774], [-0.9033230248389958, 0.267435012349162, -0.3353893662081879, -1.8323552792676525], [0.0, 0.0, 0.0, 1.0]]}, {"file_path": "rgb/12_37_57_255", "transform_matrix": [[-0.9774558737699924, -0.0520085801252016, 0.2046341184306781, 0.3049943636022314], [-0.005708146860671965, 0.975342748320116, 0.22062171325320545, -0.5374145779810505], [-0.21106262552133026, 0.214479907899838, -0.9536513708978344, -4.233987980994926], [0.0, 0.0, 0.0, 1.0]]}, {"file_path": "rgb/12_39_57_510", "transform_matrix": [[-0.8828310371928352, -0.29130464377004184, 0.3684439771349665, 1.1114624071650052], [0.027670533457082317, 0.7508205302910261, 0.659926414740085, 0.7140871631600928], [-0.46887493145531156, 0.5927985625923118, -0.6547871126108586, -2.930727619895304], [0.0, 0.0, 0.0, 1.0]]}, {"file_path": "rgb/12_43_36_719", "transform_matrix": [[-0.4225785476691519, -0.6263997797212757, 0.6550196081148774, 2.343659207862571], [0.08443704898361981, 0.6923664846193075, 0.7165884702776343, 0.8442261668459461], [-0.9023844833599298, 0.35812283778200926, -0.23968787464156907, -1.6115337391749907], [0.0, 0.0, 0.0, 1.0]]}, {"file_path": "rgb/12_37_11_232", "transform_matrix": [[-0.9964023565423874, -0.035046994419507135, 0.07716250422929377, -0.30258418281258287], [-0.016584026925089625, 0.9735156850391925, 0.22801794015739113, -0.49752845984694516], [-0.08311025164036415, 0.22591794785901953, -0.9705945430031245, -4.377363965235827], [0.0, 0.0, 0.0, 1.0]]}, {"file_path": "rgb/12_47_39_232", "transform_matrix": [[0.22743415948117135, -0.4368478722969216, 0.8703089334085595, 2.740164109699051], [0.08329188985160355, 0.8991820630973685, 0.429574299148481, -0.027874879631934375], [-0.970224800850834, -0.02521019384321564, 0.24089060160235812, 0.9571951031723288], [0.0, 0.0, 0.0, 1.0]]}, {"file_path": "rgb/12_30_06_929", "transform_matrix": [[-0.626227670312086, 0.4502293254058145, -0.6365001645562413, -2.5559046146608], [-0.08301056296211852, 0.7732571988358203, 0.6286354674096052, 0.5376608856696008], [0.7752084567212933, 0.4465051612167609, -0.4468612644150138, -1.5851748767180016], [0.0, 0.0, 0.0, 1.0]]}, {"file_path": "rgb/12_21_03_219", "transform_matrix": [[0.5358446120692644, 0.09339094202211395, -0.8391356765532979, -4.532366241729865], [-0.06375463469596802, 0.9955018157257411, 0.07008196231225074, -1.1808574551609838], [0.8419061101281557, 0.015945746610748743, 0.5393883896543405, 2.5992136459520347], [0.0, 0.0, 0.0, 1.0]]}, {"file_path": "rgb/12_38_31_196", "transform_matrix": [[-0.9764470288236177, -0.15908966728333335, 0.1457452492028713, 0.08141623166458897], [0.005396011829490983, 0.6572876899307102, 0.7536204453980044, 0.9561383174298387], [-0.21568978408321693, 0.7366568878584036, -0.6409481621885706, -3.1549820945731053], [0.0, 0.0, 0.0, 1.0]]}, {"file_path": "rgb/12_24_42_197", "transform_matrix": [[0.36374739060741224, 0.406885540954778, -0.8379331670176536, -3.626003596829808], [-0.09800613962754899, 0.9112791004956577, 0.39995649462801575, -0.13965202622926645], [0.9263274973904224, -0.06336053631214157, 0.37135267605961025, 1.4882917378523695], [0.0, 0.0, 0.0, 1.0]]}, {"file_path": "rgb/12_51_39_175", "transform_matrix": [[0.8610020817290575, -0.2946050748828042, 0.41458806677414956, 1.4114720935744867], [0.047542253909175915, 0.8582036646205266, 0.5111029290907403, 0.12700232259999017], [-0.5063745149111127, -0.42035023478665523, 0.7529213310587891, 2.7547175671837247], [0.0, 0.0, 0.0, 1.0]]}, {"file_path": "rgb/12_39_08_948", "transform_matrix": [[-0.9364535052985319, -0.22263676639569227, 0.27108615358029997, 0.6016596677367713], [0.014502396612095472, 0.7475520181238625, 0.6640449236997794, 0.7309073311648314], [-0.35049181574838156, 0.6257785953896237, -0.6968189410783778, -3.24694987280934], [0.0, 0.0, 0.0, 1.0]]}, {"file_path": "rgb/12_54_29_172", "transform_matrix": [[0.9998425964266774, 0.00726070318569178, 0.016188408198720805, -0.927855449130042], [-0.008218852866337485, 0.9981688188618846, 0.05992878698448347, -1.2303187820697958], [-0.015723639156398288, -0.06005240412439255, 0.998071378174206, 4.1037654899979925], [0.0, 0.0, 0.0, 1.0]]}, {"file_path": "rgb/12_38_22_977", "transform_matrix": [[-0.976608774482626, -0.14070295515397102, 0.16259760150286034, 0.12187208287879057], [0.003313811501660346, 0.7462451738199112, 0.6656629471465435, 0.7339959499137656], [-0.21499841919622292, 0.650631092833281, -0.7283233215967309, -3.353781541166075], [0.0, 0.0, 0.0, 1.0]]}, {"file_path": "rgb/12_43_58_619", "transform_matrix": [[-0.31545185245039115, -0.32533854896496084, 0.8914286047367955, 2.986745327471002], [0.08104353984014948, 0.9267238131325188, 0.36689905808451245, -0.14699709890864596], [-0.9454745228909102, 0.1879835171776984, -0.2659701559079651, -1.2831828387963242], [0.0, 0.0, 0.0, 1.0]]}, {"file_path": "rgb/12_52_39_057", "transform_matrix": [[0.9182136685110805, -0.27047141504971917, 0.28935941768054624, 0.7922557071358655], [0.040045860730962675, 0.7901981284041658, 0.6115416967835229, 0.36082268109883825], [-0.3940558183782325, -0.5499382979094617, 0.7364019829513664, 2.8796557826398153], [0.0, 0.0, 0.0, 1.0]]}, {"file_path": "rgb/12_15_37_088", "transform_matrix": [[0.9869307846214592, 0.023589349882812506, -0.15940881073070043, -1.1895391908040485], [-0.02099748756518809, 0.9996188398131991, 0.017924302119292964, -1.4573341605741352], [0.15977087307272175, -0.01434286103328648, 0.9870499229800686, 4.687398029035454], [0.0, 0.0, 0.0, 1.0]]}, {"file_path": "rgb/12_36_24_972", "transform_matrix": [[-0.9898011236186922, 0.0635003470001667, -0.12752035764548741, -0.5629766827115822], [-0.03765474820351152, 0.7466957490796319, 0.6640990726120146, 0.7886475933323355], [0.1373894305283516, 0.6621277552234659, -0.7366892018631934, -3.964169113603095], [0.0, 0.0, 0.0, 1.0]]}, {"file_path": "rgb/12_48_11_035", "transform_matrix": [[0.35117847946419584, -0.11482597918227302, 0.9292409106717415, 3.1169228453861253], [0.07669396468510879, 0.9926443165290835, 0.09367655332786255, -1.093442932186362], [-0.933162210626906, 0.03836998002789134, 0.3574017813197977, 1.6660051095602053], [0.0, 0.0, 0.0, 1.0]]}, {"file_path": "rgb/12_47_00_600", "transform_matrix": [[0.11366633163648969, -0.5882857435407065, 0.8006246617479759, 2.684227970495728], [0.09090291590298373, 0.8086252937814198, 0.5812588013417497, 0.3926835352265224], [-0.9893516184515178, 0.006709560616791222, 0.14539036028461783, 0.3097361044804738], [0.0, 0.0, 0.0, 1.0]]}, {"file_path": "rgb/12_15_13_969", "transform_matrix": [[0.9999445527210925, 0.0015206437955319787, -0.010420130798593646, -0.4341807364747103], [0.003885259514297662, 0.8664311899141065, 0.49928138148996914, -0.007365052202723905], [0.009787555461873425, -0.49929418260828184, 0.8663772405664908, 4.189134273654395], [0.0, 0.0, 0.0, 1.0]]}, {"file_path": "rgb/12_25_36_913", "transform_matrix": [[0.24497014951119092, 0.562498793974077, -0.7896738140689317, -3.5483550050591797], [-0.10004019390829062, 0.8248084520650844, 0.5564916684055485, 0.33686226341703246], [0.9643555285532696, -0.05732472572728403, 0.25832593824282396, 0.5573614160762035], [0.0, 0.0, 0.0, 1.0]]}, {"file_path": "rgb/12_41_39_432", "transform_matrix": [[-0.7125763693639854, -0.4901675511931333, 0.5019668211957521, 1.865581405277088], [0.05697634340636851, 0.672673036469258, 0.7377429649269915, 0.8744135494702324], [-0.6992772083487925, 0.5542984374545498, -0.4514029553728728, -2.039710595253168], [0.0, 0.0, 0.0, 1.0]]}, {"file_path": "rgb/12_46_36_313", "transform_matrix": [[0.11121119291835493, -0.12444441157832281, 0.9859744717773381, 3.4641087606196375], [0.08245027792494515, 0.9898638231534018, 0.1156354758810212, -0.9729796965708161], [-0.9903706489187646, 0.0684339100085326, 0.12034441292045234, 0.2656873368504274], [0.0, 0.0, 0.0, 1.0]]}, {"file_path": "rgb/12_35_13_491", "transform_matrix": [[-0.9713518758665743, -0.007156233005691262, -0.23753804238406756, -1.3747641354013862], [-0.060012830166212436, 0.9745367223444665, 0.2160477655925784, -0.503808733262125], [0.22994345710615074, 0.22411373258074258, -0.9470475391461607, -4.856820897053892], [0.0, 0.0, 0.0, 1.0]]}, {"file_path": "rgb/12_55_01_942", "transform_matrix": [[0.9999315672481185, -0.007527744818699384, 0.008955103498327906, -0.9418535525622798], [-3.3353923635969524e-05, 0.7636375007535429, 0.6456452325622785, 0.5202173264575736], [-0.011698705408591064, -0.6456013479701131, 0.7635849918581005, 3.212510794776724], [0.0, 0.0, 0.0, 1.0]]}, {"file_path": "rgb/12_42_01_442", "transform_matrix": [[-0.6051456014396699, -0.2820174320742542, 0.7444897373802161, 2.5211289517587465], [0.06188055536207122, 0.9156620606846947, 0.3971571319902739, -0.0674668250742462], [-0.7937062415820485, 0.286407329914759, -0.536657473109987, -2.0706653733735045], [0.0, 0.0, 0.0, 1.0]]}, {"file_path": "rgb/12_27_12_503", "transform_matrix": [[-0.1095651833081551, 0.5772513337361334, -0.8091825308955356, -3.34263070087259], [-0.10854630563307803, 0.8022663049983376, 0.5870148851585665, 0.4992521832670684], [0.9880350045115102, 0.1521501678085482, -0.025241955070274973, -1.0337231464252863], [0.0, 0.0, 0.0, 1.0]]}, {"file_path": "rgb/12_38_44_746", "transform_matrix": [[-0.9416864892951952, -0.07591148299343035, 0.32781702614206576, 0.8598233024869245], [0.010589371323325835, 0.9670526493542426, 0.25435612552466075, -0.3962799372144428], [-0.3363248743311537, 0.2429951030919725, -0.9098565594528922, -4.117368830175335], [0.0, 0.0, 0.0, 1.0]]}, {"file_path": "rgb/12_51_14_539", "transform_matrix": [[0.8593632177529515, -0.05180355250250506, 0.5087349525257847, 1.8063536014338475], [0.04092776374887466, 0.9986316737149005, 0.03255300919873302, -1.3031735046319204], [-0.5097251986392359, -0.007153474784794315, 0.8603075320318274, 3.2815540033248882], [0.0, 0.0, 0.0, 1.0]]}, {"file_path": "rgb/12_29_06_214", "transform_matrix": [[-0.6233952836678777, 0.24777668811149614, -0.7416097579786446, -2.7535313680194107], [-0.08959896629727394, 0.9195784707380104, 0.38255386730969343, -0.16475771095854969], [0.7767562973926285, 0.3049297443406281, -0.5510603464932429, -1.7887457403217077], [0.0, 0.0, 0.0, 1.0]]}, {"file_path": "rgb/12_16_59_523", "transform_matrix": [[0.9413934839154422, 0.2005022639400655, -0.2712510840465964, -1.6687735925418956], [-0.03917255383671892, 0.8637025154837886, 0.5024773385665121, -0.0005422914412402906], [0.3350280875799143, -0.46240329464860436, 0.820938105846391, 4.017003673712951], [0.0, 0.0, 0.0, 1.0]]}, {"file_path": "rgb/12_53_42_410", "transform_matrix": [[0.991014171963599, -0.0054232862511769874, 0.13364691890776811, -0.15410274579787456], [-0.0024111282624284668, 0.9982910082494973, 0.05838877724960459, -1.227052691857219], [-0.13373517647875552, -0.05818634560134903, 0.9893074606803266, 4.072217185425004], [0.0, 0.0, 0.0, 1.0]]}, {"file_path": "rgb/12_29_50_720", "transform_matrix": [[-0.6239288537193248, 0.2488462076260705, -0.7408025043468814, -2.7477034993668967], [-0.08771187342798396, 0.9196578897317036, 0.3828001999920881, -0.1631176491498413], [0.7765432459021469, 0.3038172654809991, -0.5519743258879034, -1.8037239749197331], [0.0, 0.0, 0.0, 1.0]]}, {"file_path": "rgb/12_45_09_769", "transform_matrix": [[-0.1999514455560354, -0.6752039274761175, 0.7100134334932521, 2.7306210459643547], [0.08805861108432238, 0.7093308588514571, 0.6993535684437123, 0.727780829277775], [-0.9758407146834728, 0.2023595537697188, -0.0823742105526266, -0.4779013756339275], [0.0, 0.0, 0.0, 1.0]]}, {"file_path": "rgb/12_43_28_538", "transform_matrix": [[-0.4225467376388778, -0.5414710877448353, 0.7268172505156751, 2.5065546412079978], [0.08087758470733242, 0.7761988239237336, 0.625279299218614, 0.6175535622302579], [-0.90272535734998, 0.322992951743281, -0.2841874070424531, -1.7152232080949672], [0.0, 0.0, 0.0, 1.0]]}, {"file_path": "rgb/12_48_56_824", "transform_matrix": [[0.5186481751638764, -0.09947733920397214, 0.8491809756371594, 2.916134288103567], [0.07100993289284603, 0.9947887059603122, 0.0731643350571924, -1.1492446993146668], [-0.8520338372563224, 0.022353735229385014, 0.5230092262011828, 2.0857363309307213], [0.0, 0.0, 0.0, 1.0]]}, {"file_path": "rgb/12_54_14_936", "transform_matrix": [[0.9919200271925133, -0.08631426604580389, 0.09297584165458335, -0.293400977840429], [0.005710127889505997, 0.7625066020499895, 0.6469552351358356, 0.5197224230670343], [-0.12673615937801436, -0.6411969504817948, 0.7568384349377067, 3.1781575122668917], [0.0, 0.0, 0.0, 1.0]]}, {"file_path": "rgb/12_51_30_941", "transform_matrix": [[0.8607928031064953, -0.2196599208324629, 0.4591135690653651, 1.5084238694042338], [0.04607857673868562, 0.9320002696312752, 0.35951670638924016, -0.2657502190360862], [-0.5068653814237057, -0.2883140936324583, 0.8123807411104071, 2.8763340244086404], [0.0, 0.0, 0.0, 1.0]]}, {"file_path": "rgb/12_50_07_658", "transform_matrix": [[0.6085954885947829, -0.46421293102053984, 0.6435199188334394, 1.8768586774298852], [0.07107996367424706, 0.8396432607367603, 0.5384671145607766, 0.2068840630282585], [-0.7902905605067951, -0.28196728422400363, 0.5439993387874611, 2.360811992311246], [0.0, 0.0, 0.0, 1.0]]}, {"file_path": "rgb/12_39_00_304", "transform_matrix": [[-0.9365432899011912, -0.17612977025057505, 0.30309234594844686, 0.6695414873453271], [0.012230544928366423, 0.8476709538662831, 0.5303813418118901, 0.37928110581976676], [-0.3503385218782093, 0.5004320713172822, -0.7917263808193369, -3.4564144284268052], [0.0, 0.0, 0.0, 1.0]]}, {"file_path": "rgb/12_52_12_660", "transform_matrix": [[0.9168659502111656, -0.1292787849463416, 0.3776821747265454, 0.9642660167322825], [0.03497852900377391, 0.9684873691902365, 0.24659423802616862, -0.6255374199298938], [-0.3976598192577512, -0.21288309346158024, 0.8924950737489363, 3.1584403066092808], [0.0, 0.0, 0.0, 1.0]]}, {"file_path": "rgb/12_41_53_607", "transform_matrix": [[-0.6078506467745479, -0.11459498437703813, 0.7857388756905122, 2.9542548447797596], [0.05968874204631386, 0.9801377581929765, 0.18912225949732853, -0.6804684984949844], [-0.7918048025168148, 0.16185785282176657, -0.5889373397834736, -2.4591961186681335], [0.0, 0.0, 0.0, 1.0]]}, {"file_path": "rgb/12_54_54_004", "transform_matrix": [[0.9999238459464961, -0.0055910041452195604, 0.011001953472686371, -0.940774960161605], [-0.0012731814864815683, 0.8399984913074728, 0.5425872405522193, 0.2536558712306681], [-0.012275231829562342, -0.5425599278179484, 0.839927403654454, 3.396149873859784], [0.0, 0.0, 0.0, 1.0]]}, {"file_path": "rgb/12_31_03_825", "transform_matrix": [[-0.8712251706404947, 0.033080335036454814, -0.48976769337749937, -2.7593204799854356], [-0.06867371743865307, 0.9797013985349388, 0.18833239297009202, -0.6481007216227337], [0.48605619281683515, 0.19771408938808818, -0.851268768534264, -4.225037065052835], [0.0, 0.0, 0.0, 1.0]]}, {"file_path": "rgb/12_36_00_192", "transform_matrix": [[-0.9892343584222676, -0.011963869662745326, -0.14585009406776905, -0.6381680721595538], [-0.04511311287940372, 0.9730439666045374, 0.22616420163420667, -0.45703357780432263], [0.13921275503061642, 0.23030915065884958, -0.9631082514232678, -4.855558562553819], [0.0, 0.0, 0.0, 1.0]]}, {"file_path": "rgb/12_43_03_245", "transform_matrix": [[-0.4241832783112398, -0.12065409129214417, 0.8975027223666764, 3.216493377612581], [0.07489047532350447, 0.983015799913829, 0.16754507998026955, -0.7168880158789551], [-0.9024743559276066, 0.13828422677312927, -0.40794302239259944, -2.1725639741647957], [0.0, 0.0, 0.0, 1.0]]}, {"file_path": "rgb/12_37_35_913", "transform_matrix": [[-0.9962924671650022, -0.06316338551950763, 0.058409815955768406, -0.3893422517836279], [-0.008262183009305164, 0.7460501638348471, 0.6658384859512992, 0.7433193279349566], [-0.08563326574523146, 0.6628872753128632, -0.7438060258065234, -3.475329518445177], [0.0, 0.0, 0.0, 1.0]]}, {"file_path": "rgb/12_54_46_011", "transform_matrix": [[0.9999136575583045, -0.0010969719795385026, 0.01309481121854725, -0.9346648289163105], [-0.00416362316751865, 0.9187169888041495, 0.3948946172395302, -0.1434983852851605], [-0.01246361386164493, -0.3949150429334291, 0.9186330971581609, 3.5583813985279265], [0.0, 0.0, 0.0, 1.0]]}, {"file_path": "rgb/12_42_09_611", "transform_matrix": [[-0.6031788812953462, -0.3631749635377806, 0.7101261740132003, 2.4815053845317077], [0.06480112877621887, 0.8650653362305732, 0.4974563073895165, 0.24423870365154426], [-0.7949692137866861, 0.34607211663411536, -0.4982549941744295, -2.0002065154148054], [0.0, 0.0, 0.0, 1.0]]}, {"file_path": "rgb/12_32_55_180", "transform_matrix": [[-0.9597382287463033, 0.09462886526570821, -0.2644766722065147, -1.3484703172465986], [-0.06203618194814202, 0.8468923490352065, 0.5281333745134148, 0.45635773086125614], [0.2739599321291433, 0.5232769123553553, -0.8069245494986755, -4.241289588817604], [0.0, 0.0, 0.0, 1.0]]}, {"file_path": "rgb/12_48_27_306", "transform_matrix": [[0.42263330007266664, -0.40104091607474496, 0.8127405965642519, 2.716388315124391], [0.0812833754520338, 0.909925947444403, 0.40672814390269235, -0.07663095205862323], [-0.9026483847793725, -0.10583455863438303, 0.41716296534310704, 1.2613572448889143], [0.0, 0.0, 0.0, 1.0]]}, {"file_path": "rgb/12_33_56_162", "transform_matrix": [[-0.9574110545379212, -0.003932743509055012, -0.2887015867242122, -1.4887049153111587], [-0.07040818595543323, 0.9729015298999331, 0.22023918922125316, -0.47263299029993716], [0.2800120711666747, 0.23118638940660358, -0.9317435770393521, -4.861418858568842], [0.0, 0.0, 0.0, 1.0]]}, {"file_path": "rgb/12_32_07_416", "transform_matrix": [[-0.927270596894608, 0.14309314070715828, -0.34596761874094345, -1.9623027432384983], [-0.0641684237035164, 0.8496623427599036, 0.5234083651367811, 0.41117017669632], [0.36885180429831615, 0.5075413839070794, -0.7786848464478827, -3.922182601467854], [0.0, 0.0, 0.0, 1.0]]}, {"file_path": "rgb/12_24_34_306", "transform_matrix": [[0.3655709688025944, 0.30778489033050976, -0.8784226363505033, -3.6611125987133564], [-0.09982310065920713, 0.9512667600526888, 0.2917651449259174, -0.47482361744446294], [0.9254151583713734, -0.018973995443654485, 0.37847955315101195, 1.4679247351201976], [0.0, 0.0, 0.0, 1.0]]}, {"file_path": "rgb/12_24_26_337", "transform_matrix": [[0.36921869531888074, 0.10995515239075133, -0.9228149432523022, -4.1620742006358515], [-0.10179839786333862, 0.9917860527401685, 0.07744360388394113, -1.1546665797380957], [0.9237503132445909, 0.0653474563606111, 0.37737921077838527, 1.5977009956091033], [0.0, 0.0, 0.0, 1.0]]}, {"file_path": "rgb/12_38_14_768", "transform_matrix": [[-0.9766777197168025, -0.11382362639045658, 0.18205717202052973, 0.16178001248750978], [0.0005605914842215349, 0.8465642500403786, 0.532286254087741, 0.3836044717589378], [-0.2147098450140906, 0.5199741845792895, -0.8267566327675442, -3.5667219026734887], [0.0, 0.0, 0.0, 1.0]]}, {"file_path": "rgb/12_50_15_496", "transform_matrix": [[0.6097391900862116, -0.5416505241775244, 0.5786474140020184, 1.7301199459002972], [0.07168621843440952, 0.7647549939927482, 0.6403209236388623, 0.46593454035064774], [-0.789353663549859, -0.34894771645816003, 0.5051299684428261, 2.273716282121382], [0.0, 0.0, 0.0, 1.0]]}, {"file_path": "rgb/12_44_06_668", "transform_matrix": [[-0.3141279077067714, -0.426285028861432, 0.8482951914094375, 2.943001323417602], [0.0834871317684685, 0.8776596855975802, 0.47195696319244096, 0.18317974103379883], [-0.9457026786621892, 0.21907658579904096, -0.24010808633987077, -1.235222084644489], [0.0, 0.0, 0.0, 1.0]]}, {"file_path": "rgb/12_55_49_045", "transform_matrix": [[0.9914009544266235, 0.08967874236054449, -0.09529884957653441, -1.4452231662869326], [-0.007300724898127851, 0.765025179940348, 0.6439589843097153, 0.5294812243385177], [0.13065545139006518, -0.6377258009723846, 0.7591014133804446, 3.1637621611460345], [0.0, 0.0, 0.0, 1.0]]}, {"file_path": "rgb/12_32_47_267", "transform_matrix": [[-0.9634926083752071, 0.04733097601256374, -0.2635180682914121, -1.308449300784715], [-0.12916283504595094, 0.7799679783201678, 0.6123454211783106, 0.8449914200163023], [0.2345185614172826, 0.6240270278640563, -0.745379978833561, -3.7661984140308333], [0.0, 0.0, 0.0, 1.0]]}, {"file_path": "rgb/12_41_23_433", "transform_matrix": [[-0.7121003978067632, -0.32560058988498736, 0.6220106745948959, 2.130558700186372], [0.05356147759631071, 0.8581804596228905, 0.5105462435853821, 0.2845309187673237], [-0.7000315646891567, 0.39687599396787976, -0.5936709979869809, -2.356806703481651], [0.0, 0.0, 0.0, 1.0]]}, {"file_path": "rgb/12_37_19_135", "transform_matrix": [[-0.9964226815696867, -0.04807928677786967, 0.0694997973839182, -0.3663153996997949], [-0.013443573397261486, 0.9020981477951451, 0.43132146025775386, 0.07779046930948366], [-0.08343326667335249, 0.4288441604213586, -0.8995174128857721, -3.780090760269728], [0.0, 0.0, 0.0, 1.0]]}, {"file_path": "rgb/12_18_05_479", "transform_matrix": [[0.8406452338747422, 0.24384949736518272, -0.4835835123310416, -2.1918521064050243], [-0.06298574190891987, 0.9308624181188127, 0.35989992338173654, -0.39707844024577366], [0.5379111330692662, -0.2720892889636497, 0.7978840966903604, 4.052934224659838], [0.0, 0.0, 0.0, 1.0]]}, {"file_path": "rgb/12_32_15_677", "transform_matrix": [[-0.9277056183690042, 0.19953149938438058, -0.31551460568411754, -1.9053148263717938], [-0.060898840263580604, 0.7529655247081196, 0.6552360260666208, 0.7799709552355145], [0.36831184735375283, 0.6270806163121672, -0.6863791108013254, -3.7551249609821307], [0.0, 0.0, 0.0, 1.0]]}, {"file_path": "rgb/12_45_23_977", "transform_matrix": [[-0.09397511978391147, -0.12750212010772266, 0.9873762637564439, 3.7549945378736744], [0.07969294814991627, 0.9876193836134648, 0.13511841890036494, -0.9332424937385202], [-0.992379821881105, 0.09138469499317456, -0.08265063002923911, -0.09504850995985552], [0.0, 0.0, 0.0, 1.0]]}, {"file_path": "rgb/12_38_52_492", "transform_matrix": [[-0.9371566255918563, -0.1403980190221553, 0.31941486403099567, 0.6918233197480044], [0.01040543701839501, 0.903814169857097, 0.4277986363302052, 0.05597895642002703], [-0.348753761255332, 0.4042379777064265, -0.8455545348409392, -3.536312844786535], [0.0, 0.0, 0.0, 1.0]]}, {"file_path": "rgb/12_23_36_806", "transform_matrix": [[0.30309742978472026, 0.3156248017574762, -0.8991734719026414, -4.633088784935892], [-0.10418805415776598, 0.9488780721339836, 0.29795176387145766, -0.5469976067486403], [0.9472469569382181, 0.0033747205585558902, 0.3204868387819329, 2.1751740176101966], [0.0, 0.0, 0.0, 1.0]]}, {"file_path": "rgb/12_37_27_376", "transform_matrix": [[-0.9962982830966375, -0.054955855651044556, 0.0661028367647993, -0.374518945056312], [-0.01133813289989422, 0.8462528801202517, 0.5326607828914414, 0.39672310906316105], [-0.08521254509188467, 0.5299395407193543, -0.8437433883243903, -3.696718032085554], [0.0, 0.0, 0.0, 1.0]]}, {"file_path": "rgb/12_35_38_765", "transform_matrix": [[-0.9729149885373516, 0.11421452038851017, -0.20097628818292826, -1.2251884775522393], [-0.04940206338562795, 0.74659535576216, 0.663441640905676, 0.7878014941023764], [0.22582263219749962, 0.6554009597847685, -0.7207313790175894, -3.974858958945989], [0.0, 0.0, 0.0, 1.0]]}, {"file_path": "rgb/12_47_21_667", "transform_matrix": [[0.22491849530875985, -0.1232242083418021, 0.9665544293761107, 3.319824483611317], [0.08047935052610981, 0.9909310728000971, 0.10760428940402139, -1.025072082517429], [-0.9710482709973475, 0.05358547786280355, 0.2327957301053353, 1.013467640598708], [0.0, 0.0, 0.0, 1.0]]}, {"file_path": "rgb/12_40_44_938", "transform_matrix": [[-0.7842775996394953, -0.37844220863600947, 0.49161991561206153, 1.448644642588322], [0.04497973630425712, 0.7556419973925074, 0.6534385932118346, 0.692518716421484], [-0.6187773994141276, 0.5345901855621379, -0.575610861150941, -2.7240018955686693], [0.0, 0.0, 0.0, 1.0]]}, {"file_path": "rgb/12_27_04_618", "transform_matrix": [[-0.10913903326205901, 0.4337641721016873, -0.8943921480086685, -3.5401996278415138], [-0.11136034274688177, 0.8887673483679129, 0.4446250943641912, 0.12145780078717014], [0.9877689737392641, 0.14812576911532482, -0.048695082319196316, -1.0922612246979932], [0.0, 0.0, 0.0, 1.0]]}, {"file_path": "rgb/12_49_29_748", "transform_matrix": [[0.5218184258257442, -0.5843681415528754, 0.6214655305057399, 2.0961110095885953], [0.07901292746016601, 0.7584936397839664, 0.6468727507798152, 0.5101234743323996], [-0.8493894794279694, -0.28844630964064866, 0.4419685946894577, 1.740049763606752], [0.0, 0.0, 0.0, 1.0]]}, {"file_path": "rgb/12_28_57_997", "transform_matrix": [[-0.6220862913481122, 0.07337167088756792, -0.7795032033467971, -3.175045829257041], [-0.09144206743510096, 0.9819772638667588, 0.16540556687109606, -0.8169825492627951], [0.7775905056132989, 0.1741759201494872, -0.6041653369899115, -2.1943354841587155], [0.0, 0.0, 0.0, 1.0]]}, {"file_path": "rgb/12_53_18_297", "transform_matrix": [[0.9568584396102648, -0.16719009386140224, 0.23763290820343783, 0.2592776132759784], [0.025610079018898176, 0.8632071928179461, 0.504199827568403, 0.08699360575134274], [-0.28942365210751836, -0.4763620627022859, 0.8302488390951044, 3.2680571332652346], [0.0, 0.0, 0.0, 1.0]]}, {"file_path": "rgb/12_42_18_069", "transform_matrix": [[-0.603726675291568, -0.4774789245111928, 0.6383791805729759, 2.329334669718105], [0.06662584361585377, 0.7677625180596896, 0.6372611025514742, 0.617866237153238], [-0.7944023530326839, 0.4272640781885123, -0.4317062762873103, -1.8538632966038517], [0.0, 0.0, 0.0, 1.0]]}, {"file_path": "rgb/12_40_27_949", "transform_matrix": [[-0.7850166435403739, -0.22625680965116104, 0.5766773148400095, 1.6091675244641153], [0.04188488576005922, 0.9093970374702072, 0.41381479502946383, 0.01044087902143011], [-0.6180570570015942, 0.34900556489386897, -0.7044150693757473, -2.980542602957452], [0.0, 0.0, 0.0, 1.0]]}, {"file_path": "rgb/12_50_37_924", "transform_matrix": [[0.7622842705490979, -0.21096450633616598, 0.6118959616959132, 1.9159770122844053], [0.055470949719435114, 0.9632048727429149, 0.26298164738538116, -0.5550155222565085], [-0.6448609653333444, -0.1665243231202057, 0.7459383253317284, 2.6538271801815614], [0.0, 0.0, 0.0, 1.0]]}, {"file_path": "rgb/12_49_12_931", "transform_matrix": [[0.5203973215588759, -0.3765962057423349, 0.7663954106953045, 2.416596622805679], [0.07600938563791719, 0.914364203816119, 0.3976941991966457, -0.13351093036277883], [-0.8505346559719327, -0.14870575173876716, 0.5044575288272677, 1.8706123694612753], [0.0, 0.0, 0.0, 1.0]]}, {"file_path": "rgb/12_34_04_248", "transform_matrix": [[-0.9602687076902566, 0.062458637860320826, -0.27199802864638084, -1.332748737130662], [-0.06382230633412271, 0.8996570713638596, 0.4319072436984551, 0.1447970542229448], [0.27168128799215735, 0.432106552254923, -0.8599262789642409, -4.282699824187358], [0.0, 0.0, 0.0, 1.0]]}, {"file_path": "rgb/12_26_08_877", "transform_matrix": [[0.08668351023470135, 0.33013173409041685, -0.939946278890365, -3.8620279919654115], [-0.11351619501729603, 0.940625827825078, 0.3199017435044426, -0.2935666901215277], [0.9897474640140201, 0.07896891904313444, 0.11901204688170541, -0.4039112483461017], [0.0, 0.0, 0.0, 1.0]]}, {"file_path": "rgb/12_53_58_834", "transform_matrix": [[0.9916604914412464, -0.05278772622336174, 0.1175709389035956, -0.2382959379059327], [0.002486438092979065, 0.9199339141517755, 0.39206557005047454, -0.15410812444409416], [-0.1288537439895146, -0.3885036030123288, 0.9123933708145423, 3.533389411886718], [0.0, 0.0, 0.0, 1.0]]}, {"file_path": "rgb/12_22_46_582", "transform_matrix": [[0.4745119824058621, 0.29132815751813795, -0.8306420909094037, -4.3985682855422255], [-0.09463829547700144, 0.955059128607465, 0.28090150211908305, -0.6080754011259084], [0.8751468285850474, -0.054680576996192096, 0.4807578006823152, 2.873528981258576], [0.0, 0.0, 0.0, 1.0]]}, {"file_path": "rgb/12_36_56_926", "transform_matrix": [[-0.9962347773624187, -0.04789734120208522, 0.07226418946769525, -0.3323797936240606], [-0.012037052260980445, 0.9018755732273367, 0.43182816002286095, 0.12952605057040278], [-0.08585672802127019, 0.42933238303397764, -0.8990563537019507, -4.2571584909185], [0.0, 0.0, 0.0, 1.0]]}, {"file_path": "rgb/12_27_34_436", "transform_matrix": [[-0.3455744469094811, 0.09802693798524698, -0.9332572105654704, -3.465643850108088], [-0.11118261489139276, 0.983246357075347, 0.14444731719201742, -0.8305624385145643], [0.9317814807073157, 0.1536792787831056, -0.32888592472707906, -1.9115205150226748], [0.0, 0.0, 0.0, 1.0]]}, {"file_path": "rgb/12_39_40_290", "transform_matrix": [[-0.8835072161568337, -0.1785685562255684, 0.4330453437300967, 1.2313131019241366], [0.02386729855046551, 0.9061235070577462, 0.4223393683014567, 0.034429939284899354], [-0.467809096810552, 0.3834755020661509, -0.7963047081716953, -3.20766878902144], [0.0, 0.0, 0.0, 1.0]]}, {"file_path": "rgb/12_53_27_189", "transform_matrix": [[0.961577169751697, -0.1891115071815027, 0.19901302586477973, 0.15178404375801172], [0.015324953003560857, 0.7607546115042519, 0.6488586648034017, 0.5297695172997035], [-0.2741067172247949, -0.620877813202046, 0.734422391