{"camera_angle_x": 0.5869607316815062, "w": 1079.0, "h": 1439.0, "frames": [{"file_path": "rgb/16_11_23_959", "transform_matrix": [[1.0, -1.4259410390172694e-18, 1.6639617292299498e-18, 0.6293745374509174], [-1.4259410390172694e-18, 0.9999999999999999, 9.684711622521017e-17, -1.662090107964448], [1.6639617292299498e-18, 9.684711622521017e-17, 1.0, 3.846471805090407], [0.0, 0.0, 0.0, 1.0]]}, {"file_path": "rgb/16_12_41_841", "transform_matrix": [[0.9999733938736778, -0.0013859490499517236, -0.0071617518799013905, 0.6231669738026552], [0.003684549500190502, 0.9433026330051272, 0.3319134927365484, -0.34713990049079346], [0.006295684215316063, -0.33193104963354214, 0.9432826419739929, 3.2514245029129607], [0.0, 0.0, 0.0, 1.0]]}, {"file_path": "rgb/16_17_27_295", "transform_matrix": [[0.8752512663382124, 0.2010669944777756, -0.43989462886585684, -1.233903679346802], [-0.04578781281175495, 0.9398566363230952, 0.33848630601156204, -0.34487039088299193], [0.48149631044409, -0.276118755051357, 0.8318171290239323, 2.953516739295471], [0.0, 0.0, 0.0, 1.0]]}, {"file_path": "rgb/16_19_12_759", "transform_matrix": [[0.7858817130869132, 0.2589046282347857, -0.5615677399158414, -1.8064656734997881], [-0.06159560832301392, 0.9363902981848741, 0.3455129382534905, -0.3236395314036988], [0.615301482259629, -0.23694219325364957, 0.7518393997292596, 2.6041433732647676], [0.0, 0.0, 0.0, 1.0]]}, {"file_path": "rgb/16_58_56_102", "transform_matrix": [[0.9221876021073467, -0.2266440145753303, 0.3133728086108928, 1.3543196564151734], [0.042370914857118844, 0.8646185259188701, 0.50063910176099, 0.19804372569223672], [-0.38441479172070453, -0.4484052801819549, 0.8069435993991587, 2.5376054321829637], [0.0, 0.0, 0.0, 1.0]]}, {"file_path": "rgb/16_47_37_767", "transform_matrix": [[-0.06494428584911567, -0.33177756758454036, 0.9411194851788128, 4.071000042999271], [0.08587443294042606, 0.9377536508322217, 0.3365169715155532, -0.22694232127541966], [-0.9941870153561191, 0.10267295651010123, -0.03241053067702337, -1.6840492033963101], [0.0, 0.0, 0.0, 1.0]]}, {"file_path": "rgb/16_48_32_253", "transform_matrix": [[-0.0642672506545107, -0.6823878727751258, 0.7281596745101645, 3.5119983917323063], [0.09311504270577553, 0.7223842613735659, 0.6851938176469989, 0.9452181728405146], [-0.9935790402958447, 0.1118381420142784, 0.017114925520790625, -1.5244234804420438], [0.0, 0.0, 0.0, 1.0]]}, {"file_path": "rgb/16_22_37_159", "transform_matrix": [[0.538739729294218, 0.35240822243511866, -0.7652241167397384, -2.69808513745454], [-0.08857552325776236, 0.926967071662254, 0.3645359032160198, -0.23995235915923127], [0.8378030083257083, -0.1286098472669403, 0.5306087319545051, 1.7207495446372898], [0.0, 0.0, 0.0, 1.0]]}, {"file_path": "rgb/16_22_19_196", "transform_matrix": [[0.5400336387232144, 0.26061321031979673, -0.8002777165797971, -2.7477039158407246], [-0.09069936829321067, 0.9633343491978126, 0.2525085270774813, -0.6546909166316197], [0.8367420711536959, -0.06377841533337084, 0.5438704074492258, 1.7126123914955158], [0.0, 0.0, 0.0, 1.0]]}, {"file_path": "rgb/16_24_17_981", "transform_matrix": [[0.4025710536940269, 0.38289914278361337, -0.8314594356811734, -3.015529288009919], [-0.09962809640794136, 0.9212444750876548, 0.37600912160026245, -0.17873086354971304], [0.9099509817203404, -0.06853366746384659, 0.40901387175760207, 1.1096177136086918], [0.0, 0.0, 0.0, 1.0]]}, {"file_path": "rgb/16_39_25_366", "transform_matrix": [[-0.989041739776462, -0.08485189596609043, 0.12081635953341889, 0.8747282873766611], [-0.010357477683333586, 0.8562012273400981, 0.51653865388502, 0.4474279134402052], [-0.14727239943719203, 0.5096269361525831, -0.84769760310605, -4.586795642064936], [0.0, 0.0, 0.0, 1.0]]}, {"file_path": "rgb/16_44_47_633", "transform_matrix": [[-0.5837325391534123, -0.4797828342344559, 0.6550303464019529, 3.176806684269795], [0.06675081360397177, 0.7756533652830172, 0.6276194593926626, 0.7971897360830285], [-0.8091975355972839, 0.4100857092109932, -0.42074821388117545, -3.049932616635089], [0.0, 0.0, 0.0, 1.0]]}, {"file_path": "rgb/16_30_55_942", "transform_matrix": [[-0.3912005375120348, 0.2746043568820178, -0.87838180003442, -3.2252966557811744], [-0.11078090097753032, 0.9334547606771509, 0.34115949605392715, -0.26691775656681227], [0.9136135569423764, 0.23076970544370928, -0.33474708605232406, -2.161063774173266], [0.0, 0.0, 0.0, 1.0]]}, {"file_path": "rgb/16_22_54_936", "transform_matrix": [[0.5390852977842245, 0.4758111404962661, -0.6949753954583834, -2.5034066761140106], [-0.08550991241389098, 0.8517957543265371, 0.5168481864051129, 0.2432548769373202], [0.8378992162497005, -0.2191979732819809, 0.49987713682184914, 1.6336430224567904], [0.0, 0.0, 0.0, 1.0]]}, {"file_path": "rgb/16_15_09_119", "transform_matrix": [[0.9466123265789074, 0.03167563531179617, -0.32081420993537985, -0.8643329949873404], [-0.03276554726388955, 0.9994610600821502, 0.0020020719173601837, -1.6751959279917445], [0.32070472725135446, 0.008616467202894471, 0.9471400289353078, 3.736052545038037], [0.0, 0.0, 0.0, 1.0]]}, {"file_path": "rgb/16_47_20_282", "transform_matrix": [[-0.06942919797143049, -0.11812866048783222, 0.9905681228670715, 4.740657046363207], [0.08396306226358555, 0.9887489958536352, 0.12379671794417445, -1.0427562544344215], [-0.9940471772729728, 0.09176623981497052, -0.05872960570152132, -1.8004873727759068], [0.0, 0.0, 0.0, 1.0]]}, {"file_path": "rgb/16_51_16_654", "transform_matrix": [[0.08647017814456173, -0.11465073734302311, 0.9896353453259177, 4.1216977600452305], [0.0856979519052092, 0.9905300434906088, 0.10726646252088706, -1.2036625272581372], [-0.9925617206657223, 0.07553437210431765, 0.09547664269289263, -0.2471951196263069], [0.0, 0.0, 0.0, 1.0]]}, {"file_path": "rgb/16_14_21_658", "transform_matrix": [[0.9871245243886558, 0.08637313941172967, -0.13462857846175144, -0.012262980014054896], [-0.009801718828412935, 0.872754271753476, 0.4880613767182038, 0.1252178157254674], [0.1596530602853537, -0.48045776289307845, 0.8623637506396589, 3.0981202726192065], [0.0, 0.0, 0.0, 1.0]]}, {"file_path": "rgb/16_45_05_225", "transform_matrix": [[-0.5839332153141193, -0.5569978840074715, 0.5905720593324023, 2.9808837289606385], [0.06882845098450577, 0.6908945327675335, 0.7196717230286357, 1.0912710572739293], [-0.8088786339049814, 0.46088838323734244, -0.3650989644040104, -2.87833780332846], [0.0, 0.0, 0.0, 1.0]]}, {"file_path": "rgb/16_53_34_626", "transform_matrix": [[0.35549026815464907, -0.4100651443767719, 0.8399245481676274, 3.1803381186342166], [0.08748691976205014, 0.9092756046913314, 0.4068954578067471, -0.06677131578495714], [-0.930576546081989, -0.07116496385491165, 0.3591139649215064, 0.6764834930770598], [0.0, 0.0, 0.0, 1.0]]}, {"file_path": "rgb/16_28_56_043", "transform_matrix": [[-0.0567992767484761, 0.08844180612681478, -0.994460602080282, -4.085114219157116], [-0.11518084276149843, 0.988837337405335, 0.09452033439360245, -1.2268739519984995], [0.9917193230050532, 0.1199114968722948, -0.04597844382147634, -1.117407925341046], [0.0, 0.0, 0.0, 1.0]]}, {"file_path": "rgb/16_25_25_790", "transform_matrix": [[0.2519214840983125, 0.09026133137568904, -0.9635291681666891, -3.8777777712329677], [-0.10967532839841751, 0.9918892095354814, 0.06424265209171608, -1.399273097105431], [0.9615128122861407, 0.08949127368277902, 0.2597776428875876, 0.5521203027816611], [0.0, 0.0, 0.0, 1.0]]}, {"file_path": "rgb/16_29_13_671", "transform_matrix": [[-0.06084431462779534, 0.30435570755329727, -0.9506132613514319, -3.4419389269458716], [-0.11259496097768282, 0.9442061694013555, 0.30951104088037396, -0.39183267274376143], [0.991776357925469, 0.12586625021883427, -0.023180658229262994, -0.984974745828665], [0.0, 0.0, 0.0, 1.0]]}, {"file_path": "rgb/16_34_24_549", "transform_matrix": [[-0.8780196996460308, 0.13018652208337866, -0.46057884938556115, -1.517781259265623], [-0.06964472957177897, 0.917303790622519, 0.392050210244085, -0.047361834444156196], [0.4735303777756684, 0.37630469725661336, -0.7963439936021626, -4.060087465825359], [0.0, 0.0, 0.0, 1.0]]}, {"file_path": "rgb/16_29_48_710", "transform_matrix": [[-0.061851670337207544, 0.562915910584996, -0.8241966079078229, -3.1518628305516385], [-0.10747889367012906, 0.8172193352320125, 0.5662162533329405, 0.4873397813554676], [0.9922815418478477, 0.12360516062532402, 0.009955198383026508, -0.8830267612534987], [0.0, 0.0, 0.0, 1.0]]}, {"file_path": "rgb/16_52_26_470", "transform_matrix": [[0.09100413656245142, -0.6799337767595279, 0.7276044985773845, 2.874721842873786], [0.09554625911680616, 0.7332270834278183, 0.6732376671701605, 0.8020685140682757], [-0.9912563540766368, 0.00825247535348893, 0.13169182644808777, -0.1582621767383128], [0.0, 0.0, 0.0, 1.0]]}, {"file_path": "rgb/16_46_11_948", "transform_matrix": [[-0.32579013393793166, -0.4187150733460252, 0.8476664886507768, 3.7804678510423924], [0.08022328647438932, 0.8811056206250109, 0.4660655636391328, 0.27891744783667033], [-0.9420323842288824, 0.2198421539556215, -0.2534648188767036, -2.5279888786403855], [0.0, 0.0, 0.0, 1.0]]}, {"file_path": "rgb/16_29_31_230", "transform_matrix": [[-0.06229358982237665, 0.4145338262277457, -0.9078993422070677, -3.3852108964424503], [-0.11040386009521244, 0.9012212973342554, 0.4190598536095273, 0.019135219067878764], [0.9919327075679669, 0.12634033458934177, -0.010374175279749088, -0.9389824171031832], [0.0, 0.0, 0.0, 1.0]]}, {"file_path": "rgb/16_31_13_560", "transform_matrix": [[-0.392541209589974, 0.3768942431321405, -0.8389649148012629, -3.1735781156588896], [-0.10848035477743025, 0.8868417518236493, 0.4491589026722319, 0.1418229519810664], [0.9133145194296443, 0.267324590556521, -0.3072363127672012, -2.094225743167445], [0.0, 0.0, 0.0, 1.0]]}, {"file_path": "rgb/16_18_03_160", "transform_matrix": [[0.8754491688506316, 0.31723314190872665, -0.3646256798875474, -1.021488501844386], [-0.040625122290692345, 0.8000647123313676, 0.5985365949722641, 0.4800074301046032], [0.4815997842582624, -0.5091754017593972, 0.7133036226219179, 2.610210616689945], [0.0, 0.0, 0.0, 1.0]]}, {"file_path": "rgb/17_00_40_522", "transform_matrix": [[0.9896395844179802, -0.08834343416062664, 0.11317654612911035, 0.3858507713881126], [0.021170144788146664, 0.8694529151909928, 0.4935620054618601, 0.14166952997575427], [-0.1420046404969095, -0.4860525341016045, 0.862315264952878, 2.9115077260853415], [0.0, 0.0, 0.0, 1.0]]}, {"file_path": "rgb/16_58_38_461", "transform_matrix": [[0.922336522632722, -0.1676804497332173, 0.34810717573047, 1.4592346817877837], [0.03957935675223785, 0.937189414755114, 0.34656813960611854, -0.2887768513973819], [-0.38435506180725315, -0.3058745946433489, 0.8710407101937944, 2.7107134414613117], [0.0, 0.0, 0.0, 1.0]]}, {"file_path": "rgb/16_27_58_776", "transform_matrix": [[0.09233617049891525, 0.5619380603090206, -0.8220095181892545, -3.134465982514277], [-0.10634653191339216, 0.8263798915574289, 0.5529798278233357, 0.4145007282866583], [0.9900325483374721, 0.03635782179486965, 0.136064918427725, -0.15760764130290428], [0.0, 0.0, 0.0, 1.0]]}, {"file_path": "rgb/16_53_17_259", "transform_matrix": [[0.3542115585586121, -0.3072988369015022, 0.8832336025211355, 3.2464784547119945], [0.08553086313102559, 0.9511549068296478, 0.2966290860080069, -0.4762626214443963], [-0.9312457480362208, -0.029525718498754714, 0.36319359673814694, 0.6597592602693129], [0.0, 0.0, 0.0, 1.0]]}, {"file_path": "rgb/16_40_49_002", "transform_matrix": [[-0.9179285235904592, -0.14823539619432788, 0.3680128977279882, 1.9279907302127592], [0.015951769569808767, 0.9130391357325991, 0.40755990684592613, 0.038076826850616904], [-0.396424982344241, 0.3799813205090208, -0.8357400489611524, -4.44141069468037], [0.0, 0.0, 0.0, 1.0]]}, {"file_path": "rgb/16_12_51_619", "transform_matrix": [[0.9999579731595543, -0.003428877437682154, -0.008502629837507542, 0.6092705106063743], [0.007142882240311781, 0.872769815910034, 0.48807973495082374, 0.14170759352242332], [0.005747273087069866, -0.4881199557853403, 0.8727576282199889, 3.053106934583318], [0.0, 0.0, 0.0, 1.0]]}, {"file_path": "rgb/16_58_03_091", "transform_matrix": [[0.9201092910883897, -0.03888401183086893, 0.38972673256624024, 1.747060116321052], [0.035629862820430305, 0.9992436305386743, 0.015578180358648275, -1.589391781534219], [-0.3900376973168341, -0.00044771846745312856, 0.9207987805269704, 3.2557904273957687], [0.0, 0.0, 0.0, 1.0]]}, {"file_path": "rgb/16_53_52_083", "transform_matrix": [[0.35511927540994803, -0.5475197451642682, 0.7577020713232661, 2.9453770249776072], [0.0901901220256534, 0.8268173507113459, 0.5551925886137792, 0.40154793486119195], [-0.9304601238749088, -0.12882234750976282, 0.3429996511088061, 0.6415312362110092], [0.0, 0.0, 0.0, 1.0]]}, {"file_path": "rgb/16_46_46_920", "transform_matrix": [[-0.3264053600748605, -0.6465205071130307, 0.6895438889561061, 3.3208281986279933], [0.08517564078650088, 0.706413026668947, 0.7026562075218765, 1.0324412627517643], [-0.9413844332317216, 0.28808309501726614, -0.17550919985648372, -2.28692002109871], [0.0, 0.0, 0.0, 1.0]]}, {"file_path": "rgb/16_16_51_500", "transform_matrix": [[0.8780224272884375, 0.04680031180321751, -0.4763258842364564, -1.5718887643547557], [-0.0495892847706542, 0.9987470836387085, 0.006720547530499733, -1.6543461764014509], [0.4760436114627056, 0.017719868461598696, 0.8792431326130721, 3.4532200830698505], [0.0, 0.0, 0.0, 1.0]]}, {"file_path": "rgb/16_33_32_944", "transform_matrix": [[-0.6821910478598687, 0.4799140168238651, -0.5516320428291284, -2.206378843741373], [-0.08656481328122528, 0.6961295980228586, 0.7126781292127045, 0.9952594038147604], [0.7260316159241557, 0.53393456454187, -0.4333497126640822, -2.718187568366413], [0.0, 0.0, 0.0, 1.0]]}, {"file_path": "rgb/16_32_40_319", "transform_matrix": [[-0.681541922385651, 0.2123836562209584, -0.7002812225107058, -2.590248559347066], [-0.0944201826197002, 0.9234356519950851, 0.3719562148136186, -0.1587469102348072], [0.7256620681453134, 0.3196244346019716, -0.6093068058543547, -3.1980835356901927], [0.0, 0.0, 0.0, 1.0]]}, {"file_path": "rgb/16_36_42_369", "transform_matrix": [[-0.9847584192528183, 0.08175239151907322, -0.15351678146575182, -0.3405243528452642], [-0.03833641100831146, 0.7589147672072448, 0.6500605323397007, 0.8616500081417282], [0.16965015561941896, 0.6460378646764334, -0.7442136132204396, -4.215738244967753], [0.0, 0.0, 0.0, 1.0]]}, {"file_path": "rgb/17_00_05_392", "transform_matrix": [[0.9895107201678719, -0.04851685851795168, 0.1360685456393537, 0.44762062844276995], [0.01682325224644891, 0.9742079218069254, 0.22502422818995266, -0.762227194994773], [-0.14347652371280878, -0.22037477062536115, 0.9648053936494694, 3.124013043879609], [0.0, 0.0, 0.0, 1.0]]}, {"file_path": "rgb/16_38_50_176", "transform_matrix": [[-0.9897601350695677, -0.04339160140880008, 0.13598545493636913, 1.0074783277015893], [-0.015110225953016955, 0.9791727952559812, 0.2024655973301074, -0.7215901611004746], [-0.14193856452254353, 0.1983376060099756, -0.969801854990756, -5.419890501709707], [0.0, 0.0, 0.0, 1.0]]}, {"file_path": "rgb/16_40_31_581", "transform_matrix": [[-0.9195571112844436, -0.06571061023804994, 0.3874233276254178, 2.2061782240934216], [0.013405400621495762, 0.9800998293603459, 0.19805206316016433, -0.7301434672869819], [-0.3927276592250487, 0.18731374800041675, -0.9003768908016518, -5.121112308279758], [0.0, 0.0, 0.0, 1.0]]}, {"file_path": "rgb/16_23_42_393", "transform_matrix": [[0.4080179489962122, 0.08577029436337683, -0.908936086807947, -3.6667105206771473], [-0.10354274805048307, 0.9935010963433768, 0.04727019029644683, -1.459789503386457], [0.9070833768860935, 0.07482665413693053, 0.41424717163499575, 1.2627980391654652], [0.0, 0.0, 0.0, 1.0]]}, {"file_path": "rgb/16_41_06_537", "transform_matrix": [[-0.9174029485081544, -0.18956054772017575, 0.3499123158972421, 1.8967081106082047], [0.01809976957042088, 0.858481264039578, 0.5125254312075703, 0.44270765168235354], [-0.3975477687147068, 0.47652567406283086, -0.7841422406355385, -4.343112870552903], [0.0, 0.0, 0.0, 1.0]]}, {"file_path": "rgb/16_32_57_866", "transform_matrix": [[-0.6826027931257892, 0.2945110418932363, -0.6688173689579477, -2.550589466189326], [-0.09209153771371141, 0.8732363688661364, 0.4785158229055849, 0.24730996592576887], [0.7249638442697646, 0.3882286572272139, -0.5689516097254312, -3.1139322744047107], [0.0, 0.0, 0.0, 1.0]]}, {"file_path": "rgb/16_24_53_389", "transform_matrix": [[0.4028699917930197, 0.6071504055431544, -0.684882584653366, -2.5888871021806166], [-0.09402035431234106, 0.77178996143596, 0.6288882479436719, 0.6260192179092813], [0.9104152583781061, -0.1889673000163322, 0.36801551167968927, 0.9904632023842478], [0.0, 0.0, 0.0, 1.0]]}, {"file_path": "rgb/16_56_21_401", "transform_matrix": [[0.7841533523455915, -0.06630304733529656, 0.6170149316825518, 2.6676745631035774], [0.0588261447299104, 0.9977405630443767, 0.032453868060770316, -1.5166344927660436], [-0.6177726156939836, 0.010847800235238928, 0.7862819599410061, 2.648069403974307], [0.0, 0.0, 0.0, 1.0]]}, {"file_path": "rgb/16_26_01_052", "transform_matrix": [[0.2464030789513761, 0.4054895970398477, -0.8802634318064928, -3.201807835742432], [-0.1056642525142142, 0.91409313590584, 0.3914955997587197, -0.13091286454170267], [0.9633901537922703, -0.003453343639033849, 0.2680811183090231, 0.5138417416246827], [0.0, 0.0, 0.0, 1.0]]}, {"file_path": "rgb/16_52_59_803", "transform_matrix": [[0.35059606979149877, -0.10580892955110734, 0.9305304220034952, 3.8692125411930847], [0.08267425830438127, 0.9932148691087633, 0.0817874733384185, -1.3213354052898747], [-0.9328704962965518, 0.04825654575817544, 0.3569649043406286, 0.8171145264811857], [0.0, 0.0, 0.0, 1.0]]}, {"file_path": "rgb/16_42_31_894", "transform_matrix": [[-0.7801303944041958, -0.21824320286500368, 0.586316017289293, 2.7909858948814854], [0.04137892475561216, 0.9171284615137095, 0.3964381031984253, 0.009324351236291812], [-0.624247028277126, 0.33353454016746303, -0.7064491193302288, -4.011437675547361], [0.0, 0.0, 0.0, 1.0]]}, {"file_path": "rgb/16_17_45_284", "transform_matrix": [[0.8754497231985229, 0.2705405319424183, -0.4004941981202012, -1.12940033766689], [-0.04280650857310566, 0.8687968069368246, 0.49331502215132106, 0.145041099889495], [0.48140978903155907, -0.41472874126673565, 0.7721688197485694, 2.7869550286670703], [0.0, 0.0, 0.0, 1.0]]}, {"file_path": "rgb/16_26_18_703", "transform_matrix": [[0.2467501112097336, 0.5484670323938006, -0.7989357276997452, -2.9763896842266173], [-0.10248982643471698, 0.8345737370834608, 0.5412785907902951, 0.3448395196560376], [0.9636442383449224, -0.05167776840851187, 0.262143453393272, 0.4967698111777177], [0.0, 0.0, 0.0, 1.0]]}, {"file_path": "rgb/16_44_12_630", "transform_matrix": [[-0.5845553148104368, -0.27564166546469293, 0.7630968196675453, 3.433830121464175], [0.06171902821051156, 0.922691017971701, 0.3805680581855185, -0.056211593580775064], [-0.8090029947309355, 0.26956067519984545, -0.522351602756402, -3.3196126359162923], [0.0, 0.0, 0.0, 1.0]]}, {"file_path": "rgb/16_19_30_717", "transform_matrix": [[0.7861494722875952, 0.34830657058829, -0.5105404392474309, -1.6681159708074118], [-0.05841338202459397, 0.8642452717319424, 0.4996678767835986, 0.16419378002052928], [0.6152697652431688, -0.36299124393572496, 0.6997717290685662, 2.457330779322455], [0.0, 0.0, 0.0, 1.0]]}, {"file_path": "rgb/16_32_22_811", "transform_matrix": [[-0.6784839094399122, 0.05255449407489088, -0.7327329730424753, -3.05159861785431], [-0.09738576595908313, 0.9821997256405423, 0.16062288610346442, -0.9484798014003941], [0.7281315796061147, 0.18033780553221804, -0.6612886500433288, -3.7314008052821555], [0.0, 0.0, 0.0, 1.0]]}, {"file_path": "rgb/16_34_59_557", "transform_matrix": [[-0.8786368025523095, 0.259018239191131, -0.4011320492892323, -1.378232768967352], [-0.06457001525881916, 0.7679142706134553, 0.6372898760514565, 0.8037061303979206], [0.47310472659880387, 0.5858474415362168, -0.6579929277092114, -3.7086386116186083], [0.0, 0.0, 0.0, 1.0]]}, {"file_path": "rgb/16_19_48_411", "transform_matrix": [[0.7862269452813431, 0.4082347313019603, -0.46388748061613416, -1.526850371200594], [-0.056233593665776925, 0.7948552597997706, 0.6041878010288453, 0.4971496349890535], [0.6153738485319312, -0.4489426690875522, 0.6478931288534742, 2.302433566416395], [0.0, 0.0, 0.0, 1.0]]}, {"file_path": "rgb/16_51_34_137", "transform_matrix": [[0.09050865932334984, -0.3285987472097054, 0.9401228887330112, 3.4548853520135796], [0.08810583430966361, 0.9429378939262237, 0.32110043624787493, -0.3741727898291119], [-0.991990697813285, 0.053767941472495175, 0.11429551138046688, -0.23221513912912514], [0.0, 0.0, 0.0, 1.0]]}, {"file_path": "rgb/16_25_43_420", "transform_matrix": [[0.24784569355903163, 0.29915116455296775, -0.9214559636416954, -3.2529953409380763], [-0.10772528703652443, 0.9537432789768419, 0.28065819129218433, -0.5436504610452908], [0.9627916569627829, 0.029704184100984122, 0.26860730952405937, 0.48472829059742933], [0.0, 0.0, 0.0, 1.0]]}, {"file_path": "rgb/16_34_41_979", "transform_matrix": [[-0.8787574641602857, 0.18473308448531395, -0.44006704793602397, -1.4930915015714015], [-0.06745614643817895, 0.8647231817325205, 0.49769818894797796, 0.357720645091054], [0.47247749945399087, 0.46704122566528133, -0.7474205683808657, -3.9636740013892333], [0.0, 0.0, 0.0, 1.0]]}, {"file_path": "rgb/16_58_20_655", "transform_matrix": [[0.9217785888220801, -0.12395406676966261, 0.3673685105183034, 1.4882098774394135], [0.037658423854587876, 0.9716612403756891, 0.23335868756994163, -0.7034928738461498], [-0.3858835009455094, -0.2012705226376666, 0.9003244417515263, 2.728847968185591], [0.0, 0.0, 0.0, 1.0]]}, {"file_path": "rgb/16_40_00_234", "transform_matrix": [[-0.9891990379394584, -0.11257463373271796, 0.09387339974451396, 0.8004294905853871], [-0.005481780512353897, 0.6683949961532657, 0.743786312861221, 1.1736293451214208], [-0.1464759824068891, 0.7352381117415094, -0.6617927965917397, -4.035143869822939], [0.0, 0.0, 0.0, 1.0]]}, {"file_path": "rgb/16_43_07_366", "transform_matrix": [[-0.7794586735171488, -0.37380386058701126, 0.5027075194276821, 2.594076281701322], [0.046245985508403496, 0.7659413684432677, 0.6412449835527847, 0.8588383513040762], [-0.6247443357912449, 0.5230721689379976, -0.5797327151190068, -3.685939408380434], [0.0, 0.0, 0.0, 1.0]]}, {"file_path": "rgb/16_51_51_575", "transform_matrix": [[0.09178916860062601, -0.437580450525084, 0.8944820276818704, 3.381401849573339], [0.09026391431839069, 0.8982323098975736, 0.4301524650957975, 0.033270448617781084], [-0.9916789673576464, 0.041256111963363824, 0.12194572122931718, -0.19840476961275588], [0.0, 0.0, 0.0, 1.0]]}, {"file_path": "rgb/16_42_14_217", "transform_matrix": [[-0.7828317084618025, -0.08611070044308979, 0.6162462685452753, 3.2175518220078008], [0.038770625723987595, 0.98170319233713, 0.18642875512124793, -0.7673642117131872], [-0.621024439782965, 0.16983459430954645, -0.7651698215219717, -4.598393136744669], [0.0, 0.0, 0.0, 1.0]]}, {"file_path": "rgb/16_48_14_560", "transform_matrix": [[-0.06398227046648887, -0.5860393261657884, 0.807752547042163, 3.753974356733416], [0.09087379962986349, 0.8026267790176145, 0.5895186223900318, 0.6407003575693115], [-0.9938049213033634, 0.11112228305321262, 0.0019017366424582433, -1.5731451083500712], [0.0, 0.0, 0.0, 1.0]]}, {"file_path": "rgb/16_54_57_220", "transform_matrix": [[0.580654040051446, -0.2656170969056502, 0.7696027830013014, 2.786135301811125], [0.07866013516578071, 0.9591638460752772, 0.2716933924809053, -0.5701212988119803], [-0.8103415754529908, -0.09722280706447739, 0.5778358390398336, 1.5755352635302975], [0.0, 0.0, 0.0, 1.0]]}, {"file_path": "rgb/16_41_23_999", "transform_matrix": [[-0.9175361655255947, -0.24409811213466873, 0.3139163847346595, 1.799048017633175], [0.02075503270425218, 0.7589511342676575, 0.6508167210599937, 0.8843403489571158], [-0.3971103292159919, 0.6036632235328959, -0.6912988492568459, -4.073597966232709], [0.0, 0.0, 0.0, 1.0]]}, {"file_path": "rgb/16_14_39_527", "transform_matrix": [[0.9870858020852148, 0.1009123970617763, -0.1244118460639279, 0.018421332530401277], [-0.007431393536933197, 0.8046497717753361, 0.5937032248287004, 0.4613027131151915], [0.1600199791022587, -0.5851114704918587, 0.7950082851058644, 2.895925551742882], [0.0, 0.0, 0.0, 1.0]]}, {"file_path": "rgb/16_20_17_123", "transform_matrix": [[0.6749418031398492, 0.07184493847054445, -0.7343649414225143, -2.8013180115526994], [-0.07996933863666023, 0.9965085309069899, 0.023992763650899026, -1.5869791566097664], [0.7335246875547845, 0.04253295952266219, 0.6783306569084868, 2.567072503488411], [0.0, 0.0, 0.0, 1.0]]}, {"file_path": "rgb/16_37_01_146", "transform_matrix": [[-0.9847739991137122, 0.10202458546134004, -0.14075210346928277, -0.3016815689472389], [-0.036162332345211635, 0.6717282462718979, 0.739914487545578, 1.1480115230675219], [0.1700366324911795, 0.7337384732463758, -0.6578110644319818, -3.9538772528852975], [0.0, 0.0, 0.0, 1.0]]}, {"file_path": "rgb/16_27_41_047", "transform_matrix": [[0.09200688533443165, 0.4143680755869661, -0.9054467576756855, -3.3692726756882423], [-0.10936369479949874, 0.908007852843304, 0.4044271521976419, -0.057205632207143794], [0.9897344670722845, 0.061812920245260285, 0.1288597981524659, -0.17717543204788996], [0.0, 0.0, 0.0, 1.0]]}, {"file_path": "rgb/16_24_35_582", "transform_matrix": [[0.40280265071954285, 0.5174726159035825, -0.7549649769116532, -2.8018468652889177], [-0.09666439029720128, 0.8442777683368728, 0.5271157800147704, 0.30187835177441136], [0.9101681274477701, -0.13934540423714328, 0.39009849794149026, 1.0559500379610363], [0.0, 0.0, 0.0, 1.0]]}, {"file_path": "rgb/17_00_22_797", "transform_matrix": [[0.9897087735900464, -0.06540156106975875, 0.12727599651358157, 0.43322055141211757], [0.018600449303255627, 0.9406949566626911, 0.3387432977862364, -0.3479792960437605], [-0.1418822285016824, -0.3328898230931916, 0.9322305503020056, 3.1010010771947436], [0.0, 0.0, 0.0, 1.0]]}, {"file_path": "rgb/16_15_27_181", "transform_matrix": [[0.9452485195094773, 0.10050119763477473, -0.31049113616835666, -0.6539136699287088], [-0.031210311520131498, 0.974878984341533, 0.22053771184093965, -0.7788777944282871], [0.3248555876385034, -0.1987724205296019, 0.9246395903360649, 3.20262735493021], [0.0, 0.0, 0.0, 1.0]]}, {"file_path": "rgb/16_43_25_001", "transform_matrix": [[-0.7796211778960309, -0.43247188746826504, 0.45294468263314613, 2.443625481858817], [0.04826493014946568, 0.6796190637102424, 0.7319756995688317, 1.1477440858743426], [-0.6243887534971081, 0.5925251005579847, -0.5089721895301134, -3.468811606541676], [0.0, 0.0, 0.0, 1.0]]}, {"file_path": "rgb/16_17_09_474", "transform_matrix": [[0.8759850627022066, 0.14924583668381763, -0.45866747230990607, -1.259627659015602], [-0.04794535336226197, 0.9731581512523935, 0.22508766234956393, -0.7614370422144974], [0.479949385887282, -0.17518245598110183, 0.8596276485216434, 2.967379903855112], [0.0, 0.0, 0.0, 1.0]]}, {"file_path": "rgb/16_35_17_263", "transform_matrix": [[-0.8785064531940233, 0.3087826344398979, -0.36452667442152187, -1.2660873871734368], [-0.06239474949026822, 0.6823406163158385, 0.7283667884807544, 1.0945211510363528], [0.4736383714739596, 0.6626194745056002, -0.5801742195870289, -3.4719756221364335], [0.0, 0.0, 0.0, 1.0]]}, {"file_path": "rgb/16_31_48_627", "transform_matrix": [[-0.39211368358717275, 0.6071030066683889, -0.691138769306064, -2.740180934547228], [-0.10280759335054493, 0.7176789346710534, 0.6887434540370537, 0.9065056933686283], [0.9141539574345053, 0.34112004635263565, -0.2189969316753275, -1.8360564239725126], [0.0, 0.0, 0.0, 1.0]]}, {"file_path": "rgb/16_13_45_771", "transform_matrix": [[0.9873031174995617, 0.049029124236039834, -0.15109169120866328, -0.044034146663190915], [-0.014937558595989452, 0.9756155648350077, 0.21897748513228588, -0.782966443841778], [0.15814367998386303, -0.21394021274252314, 0.9639606640588845, 3.312150194487053], [0.0, 0.0, 0.0, 1.0]]}, {"file_path": "rgb/16_23_12_657", "transform_matrix": [[0.5391272283939716, 0.5581360387045312, -0.630734487643928, -2.308737236899544], [-0.08304285082484891, 0.7804693070427716, 0.6196543759960528, 0.5710087766754527], [0.8381203472837994, -0.2816945563254455, 0.4671214621546457, 1.5358421873443266], [0.0, 0.0, 0.0, 1.0]]}, {"file_path": "rgb/16_54_09_473", "transform_matrix": [[0.3549423371572163, -0.6387217030224979, 0.6826789314029055, 2.7189497653355588], [0.09247222687712095, 0.7506304788681943, 0.6542192074912593, 0.7163186601956285], [-0.9303036195510361, -0.16908125349116937, 0.325494554744155, 0.5916224037755223], [0.0, 0.0, 0.0, 1.0]]}, {"file_path": "rgb/16_27_05_420", "transform_matrix": [[0.09762714043822966, 0.08986071563991249, -0.991157905297908, -4.068267290042318], [-0.11384511472937613, 0.9903862421566976, 0.07857723079232722, -1.3154261273577925], [0.9886901594039, 0.10516721509775874, 0.10691878023281215, -0.24631889803945245], [0.0, 0.0, 0.0, 1.0]]}, {"file_path": "rgb/16_27_23_133", "transform_matrix": [[0.0934341507166941, 0.3047831256140972, -0.9478276772814518, -3.425506064520389], [-0.11155582104825658, 0.9492023016810003, 0.29422829448192206, -0.46934799857663956], [0.9893560321088156, 0.0782447239396547, 0.12268824273543018, -0.2140477576016583], [0.0, 0.0, 0.0, 1.0]]}, {"file_path": "rgb/16_16_03_158", "transform_matrix": [[0.9448822346159578, 0.18126257549492075, -0.2726562697465485, -0.5719537944943983], [-0.025987840530794337, 0.8716599592483539, 0.4894216460146648, 0.12980739707265046], [0.3263773810356662, -0.45536007089786207, 0.8283266330260024, 3.000734996903895], [0.0, 0.0, 0.0, 1.0]]}, {"file_path": "rgb/16_28_16_410", "transform_matrix": [[0.09241986053578274, 0.6603286836894608, -0.7452681389107485, -2.9027046808594346], [-0.1040219237474964, 0.7507788570821793, 0.6523116947734776, 0.7311682750244517], [0.9902716843161865, 0.017237669660387596, 0.1380755372477791, -0.15005424098148962], [0.0, 0.0, 0.0, 1.0]]}, {"file_path": "rgb/16_55_32_332", "transform_matrix": [[0.5814434011785085, -0.4758851513709895, 0.6598915774053934, 2.523496177367542], [0.08321538729433103, 0.8416215394657756, 0.5336182002375035, 0.31684482322815233], [-0.8093199432507657, -0.2553556480907914, 0.5289562575910312, 1.492250463078589], [0.0, 0.0, 0.0, 1.0]]}, {"file_path": "rgb/16_16_22_363", "transform_matrix": [[0.944815837477079, 0.21265627986400726, -0.2491993978461569, -0.5014276106701466], [-0.023903690128529876, 0.8034002378663623, 0.5949593863403715, 0.4654134496962041], [0.3267287052750728, -0.5561702656836961, 0.7641485383867468, 2.8075347753374515], [0.0, 0.0, 0.0, 1.0]]}, {"file_path": "rgb/16_45_54_596", "transform_matrix": [[-0.32707827895404695, -0.3161226246275829, 0.8905539206780387, 3.845336187139776], [0.07804119045460582, 0.9301329155010548, 0.3588346863026699, -0.1282072909479626], [-0.9417692774925746, 0.18686691975862335, -0.27955568724502383, -2.588198522400648], [0.0, 0.0, 0.0, 1.0]]}, {"file_path": "rgb/16_55_14_642", "transform_matrix": [[0.5817634051615316, -0.3554798568146919, 0.7315636758436451, 2.729292758478028], [0.08068768163423541, 0.9202229337180029, 0.38298727171007174, -0.1586471631730635], [-0.8093459324957111, -0.16377980235193296, 0.5640348729415673, 1.5799122539419752], [0.0, 0.0, 0.0, 1.0]]}, {"file_path": "rgb/16_18_35_493", "transform_matrix": [[0.7895355290606584, 0.06035159491362151, -0.6107301641005531, -2.2430291748049203], [-0.06531824883807268, 0.997764065498896, 0.014156128278691922, -1.6281402734333557], [0.6102189563751965, 0.028715058601669393, 0.7917122398257266, 3.039803526849479], [0.0, 0.0, 0.0, 1.0]]}, {"file_path": "rgb/16_47_57_188", "transform_matrix": [[-0.06357283297303572, -0.440555654062093, 0.8954715018255487, 4.0020817434001525], [0.08796812485171474, 0.891320115297557, 0.44475843002243676, 0.18110951612180168], [-0.9940926032909888, 0.1070475022589085, -0.017908890034655404, -1.6403679289630901], [0.0, 0.0, 0.0, 1.0]]}, {"file_path": "rgb/16_26_36_258", "transform_matrix": [[0.24680065503902637, 0.643771691289992, -0.7243255111936419, -2.7511659001465625], [-0.10001503390156005, 0.7603767475775622, 0.6417352995877958, 0.6643932160795838], [0.9638912955650016, -0.0859372517421368, 0.2520483269078199, 0.4678300477533525], [0.0, 0.0, 0.0, 1.0]]}, {"file_path": "rgb/16_56_38_804", "transform_matrix": [[0.786667471968687, -0.2003685750243242, 0.5839578089974623, 2.255684109784845], [0.061088626314274266, 0.966490077123088, 0.24932932149597317, -0.6416474827289177], [-0.6143471887145165, -0.1604660866517568, 0.7725465466580257, 2.210439988134329], [0.0, 0.0, 0.0, 1.0]]}, {"file_path": "rgb/16_52_08_938", "transform_matrix": [[0.09121396552285439, -0.5833050672067001, 0.8071153641609, 3.1264890687423756], [0.09327248982774859, 0.8119353469549475, 0.5762475466381453, 0.4944051906490382], [-0.9914536071521086, 0.022719835741836118, 0.12846615869144665, -0.16866070968201496], [0.0, 0.0, 0.0, 1.0]]}, {"file_path": "rgb/16_18_53_465", "transform_matrix": [[0.7868554140877676, 0.19212852905679365, -0.586468401231678, -1.8412184131819598], [-0.0637223504082772, 0.970518857403062, 0.2324491546198859, -0.739907291938871], [0.6138387568239825, -0.14553273084611465, 0.7759008988738575, 2.612355681861773], [0.0, 0.0, 0.0, 1.0]]}, {"file_path": "rgb/16_46_29_430", "transform_matrix": [[-0.32611698745028295, -0.5557555799417225, 0.7647113480653933, 3.5482600035382585], [0.08300262162252318, 0.7889783315552363, 0.6087887623306658, 0.7329349425922037], [-0.9416784351890726, 0.26200940383878457, -0.21117006653383533, -2.3978757036307474], [0.0, 0.0, 0.0, 1.0]]}, {"file_path": "rgb/16_12_32_301", "transform_matrix": [[0.9999890125509049, -0.0004614942450049436, -0.004664954504404577, 0.6275812529037246], [0.0014685543660289187, 0.9758896564727584, 0.2182595284003788, -0.7639465938886225], [0.00445175533249014, -0.21826398102422565, 0.9758796116642239, 3.273509150301895], [0.0, 0.0, 0.0, 1.0]]}, {"file_path": "rgb/16_59_15_045", "transform_matrix": [[0.9220613282345556, -0.2652747232623775, 0.2818372370223571, 1.2586588216920467], [0.04378364601828572, 0.7949953032337788, 0.6050334372392799, 0.5301495568437335], [-0.3845593573372941, -0.5455380729466105, 0.74464911982089, 2.3510860175759554], [0.0, 0.0, 0.0, 1.0]]}, {"file_path": "rgb/16_56_56_395", "transform_matrix": [[0.7875330472567357, -0.2690718804284322, 0.5544294568664507, 2.2108452103223573], [0.06308103748781639, 0.9301203310148373, 0.3617968387677124, -0.22874310833587028], [-0.6130354656852903, -0.2499529815696481, 0.7494738319757817, 2.201185467282314], [0.0, 0.0, 0.0, 1.0]]}, {"file_path": "rgb/16_59_47_914", "transform_matrix": [[0.9888797397576828, -0.015910171586392744, 0.14786387908096155, 0.5472503320323007], [0.015055925423046143, 0.999862881089831, 0.00689478994591401, -1.6545612299564252], [-0.14795330143810026, -0.004591890551193888, 0.9889836880023516, 3.684296428399102], [0.0, 0.0, 0.0, 1.0]]}, {"file_path": "rgb/17_00_58_001", "transform_matrix": [[0.9895935204903882, -0.10333585775611497, 0.10013173675337853, 0.34581849192560316], [0.023030542999252727, 0.8006619939799514, 0.5986735049133276, 0.47662162726594576], [-0.14203611615571402, -0.590137333082611, 0.7947098022608907, 2.7101674433056124], [0.0, 0.0, 0.0, 1.0]]}, {"file_path": "rgb/16_30_06_434", "transform_matrix": [[-0.06173064254840709, 0.6618062996799884, -0.7471290045731339, -2.9194692322277085], [-0.10532009386689677, 0.7400582778210745, 0.6642450024323657, 0.7998035281633298], [0.9925205315752561, 0.11969196770204185, 0.02401722859083754, -0.8389485174311037], [0.0, 0.0, 0.0, 1.0]]}, {"file_path": "rgb/16_57_32_568", "transform_matrix": [[0.7872537958966429, -0.42232447408872437, 0.4493033490104538, 1.8970377209208853], [0.06789884015575207, 0.7835847044675608, 0.6175635663071366, 0.5814198028129838], [-0.6128794403076602, -0.4556720855068564, 0.6455553749586485, 1.9098812855615828], [0.0, 0.0, 0.0, 1.0]]}]}