{"camera_angle_x": 0.5870227852179017, "w": 1079.0, "h": 1439.0, "frames": [{"file_path": "rgb/14_12_15_209", "transform_matrix": [[1.0, -2.596399330869469e-18, 5.711124588440361e-17, 0.08928049525633162], [-2.596399330869469e-18, 0.9999999999999998, -3.463731375381298e-18, -1.4297779379793687], [5.711124588440361e-17, -3.463731375381298e-18, 0.9999999999999998, 4.529641604669498], [0.0, 0.0, 0.0, 1.0]]}, {"file_path": "rgb/15_06_05_475", "transform_matrix": [[-0.0769940856639145, -0.5788963934182262, 0.8117578927612271, 2.756278113367119], [0.11378222388292797, 0.8037539130986391, 0.583980524253061, 0.8422692651055357], [-0.9905178021121238, 0.13732666480328987, 0.003983821403109307, -0.4520673081725725], [0.0, 0.0, 0.0, 1.0]]}, {"file_path": "rgb/15_08_05_506", "transform_matrix": [[0.5109240443011527, -0.10163811258083125, 0.853596107668, 3.7980401995905857], [0.09269140966181577, 0.9937098953690414, 0.06284064306286412, -1.0658951675207522], [-0.854613903192464, 0.04701423100142216, 0.5171312585345096, 1.3798592812490331], [0.0, 0.0, 0.0, 1.0]]}, {"file_path": "rgb/15_12_41_936", "transform_matrix": [[0.9976983080708972, -0.04308663239335901, 0.05236055940752515, 0.8573867111303245], [0.012827732814159358, 0.878158622806712, 0.4781975349801244, 0.5234523935072168], [-0.06658479813980027, -0.47642520430726415, 0.8766900760003293, 2.5334676871831308], [0.0, 0.0, 0.0, 1.0]]}, {"file_path": "rgb/14_32_01_977", "transform_matrix": [[-0.6267207571850895, 0.24572707083514106, -0.7394858343282377, -1.9929739207751342], [-0.09178591263979209, 0.9190939542917034, 0.38319922941639734, 0.17260122640097478], [0.7738193838062137, 0.30803329340060276, -0.5534609755010281, -2.3421133507483876], [0.0, 0.0, 0.0, 1.0]]}, {"file_path": "rgb/15_10_17_232", "transform_matrix": [[0.9050439556101334, -0.04615564087448809, 0.42280621474740454, 1.809894383234493], [0.044851205707220065, 0.9989085818430868, 0.013038959576649271, -1.26166200670839], [-0.4229465779033702, 0.007162536959635468, 0.906126310347586, 3.0282467820292016], [0.0, 0.0, 0.0, 1.0]]}, {"file_path": "rgb/14_28_01_887", "transform_matrix": [[-0.6961652295549816, 0.07187770846971636, -0.714274154777983, -2.371614028418697], [-0.08683608541822486, 0.9792375527411145, 0.183175624936376, -0.615285135375934], [0.7126103194789549, 0.18954527249904074, -0.6754695568605338, -2.9807991213906906], [0.0, 0.0, 0.0, 1.0]]}, {"file_path": "rgb/15_09_38_420", "transform_matrix": [[0.7319631721653118, -0.3946984374005956, 0.555376501219868, 2.1243084548930624], [0.07874085383582112, 0.8586601935522483, 0.5064608079072074, 0.6012689608813304], [-0.6767789835174403, -0.32697983962676297, 0.6595865310531716, 1.8157140700448322], [0.0, 0.0, 0.0, 1.0]]}, {"file_path": "rgb/15_04_32_381", "transform_matrix": [[-0.40154754792175873, -0.3034456325599844, 0.864106657096387, 3.0473057208111665], [0.0943282085110147, 0.9247934785922883, 0.3685908450196195, 0.07453958515201844], [-0.9109674834137188, 0.2295163829303813, -0.3427250707628918, -1.4552983776476511], [0.0, 0.0, 0.0, 1.0]]}, {"file_path": "rgb/14_19_25_146", "transform_matrix": [[0.5840047548581561, 0.09011739508493785, -0.8067324844123795, -3.612677067415146], [-0.09527475597286719, 0.9945591673531234, 0.04212817950222822, -1.2162323086685005], [0.8061396697703046, 0.05225818344495519, 0.5894131955476204, 2.479550890295118], [0.0, 0.0, 0.0, 1.0]]}, {"file_path": "rgb/14_59_03_825", "transform_matrix": [[-0.8705661818407534, -0.16638509166440113, 0.46306643616984433, 1.475114726151289], [0.04593577687045869, 0.9095019362668265, 0.41315388456385216, 0.24910437389994194], [-0.48990246727131226, 0.3809491162855246, -0.7841385995873166, -2.8784145734379316], [0.0, 0.0, 0.0, 1.0]]}, {"file_path": "rgb/15_09_30_138", "transform_matrix": [[0.7311878096144927, -0.29719363061732185, 0.6140361007234472, 2.2884563041336756], [0.07670037075704052, 0.9302217320978383, 0.35889355282399493, 0.11479800653659775], [-0.6778506031544804, -0.2153217941904442, 0.7029616524033974, 1.9400751105449296], [0.0, 0.0, 0.0, 1.0]]}, {"file_path": "rgb/14_25_34_835", "transform_matrix": [[-0.0807221197094273, 0.4269114683079211, -0.9006833725659599, -3.0792711720872883], [-0.11368857085529796, 0.8937913946431353, 0.43383389876628903, 0.3893158018000747], [0.9902317144216785, 0.13741739733037378, -0.023613781239974773, -0.5309521256096837], [0.0, 0.0, 0.0, 1.0]]}, {"file_path": "rgb/14_25_26_305", "transform_matrix": [[-0.07774028735490345, 0.3180895964213031, -0.944867957108563, -3.143625591619221], [-0.11532034845699264, 0.9385055833231962, 0.32543584206867027, -0.022591851647321193], [0.990281608914219, 0.13426197793760963, -0.036277490631877775, -0.5911002341436574], [0.0, 0.0, 0.0, 1.0]]}, {"file_path": "rgb/14_32_10_325", "transform_matrix": [[-0.6292570371194947, 0.33121860105872497, -0.7030859261486435, -1.9473327900662398], [-0.09003566218864577, 0.867485291876283, 0.4892472257586873, 0.5808955008959565], [0.7719644815468175, 0.3711650666361546, -0.5160497384352907, -2.244109643368942], [0.0, 0.0, 0.0, 1.0]]}, {"file_path": "rgb/14_40_56_634", "transform_matrix": [[-0.9860339902239027, 0.008350062322895622, -0.16633474255949124, -0.15694070923028208], [-0.02812332345244231, 0.9760516261375034, 0.21571347151331238, -0.48682105842757634], [0.1641525168893785, 0.21737870082770086, -0.9621852480813362, -4.066881243991476], [0.0, 0.0, 0.0, 1.0]]}, {"file_path": "rgb/15_13_31_959", "transform_matrix": [[0.9819509140548115, 0.06308988001091408, -0.17830330739256853, -0.32878150992732363], [-0.02364428571243427, 0.9762777325878427, 0.21522717441412823, -0.36915900386479683], [0.18765220526300544, -0.20712666630192567, 0.9601485270345319, 2.5902490534242557], [0.0, 0.0, 0.0, 1.0]]}, {"file_path": "rgb/14_21_15_304", "transform_matrix": [[0.28260763382637694, 0.3083334479755467, -0.9083300117042085, -3.4920722021244655], [-0.11281232703504651, 0.9510430811773032, 0.28773327338651533, -0.20464127096620754], [0.9525787653375409, 0.021155202771241746, 0.3035558486073253, 1.0884015438622006], [0.0, 0.0, 0.0, 1.0]]}, {"file_path": "rgb/14_19_02_380", "transform_matrix": [[0.8103221528167962, 0.33816931114136767, -0.4785598454284747, -2.052940067447953], [-0.0675628740971135, 0.865147186268677, 0.4969462789227102, 0.49974260347179067], [0.582076684551177, -0.37035369998632844, 0.7238956210727799, 3.0350019397820294], [0.0, 0.0, 0.0, 1.0]]}, {"file_path": "rgb/15_14_43_156", "transform_matrix": [[0.8792595668372062, 0.2765937039285952, -0.38781250247034255, -1.0259523950252016], [-0.0576924476492501, 0.8699878126392281, 0.48968641735650553, 0.5853676495417386], [0.47283633067847836, -0.40818761471444936, 0.7809024750788288, 2.014993922847198], [0.0, 0.0, 0.0, 1.0]]}, {"file_path": "rgb/15_07_23_355", "transform_matrix": [[0.2589054137711678, -0.5614354597643091, 0.785975960980499, 3.3998231766598], [0.11211288851960832, 0.8256891792029638, 0.5528725708288712, 0.759826659948435], [-0.9593741120896319, -0.05502366642067943, 0.2767195496994304, 0.34845320557452364], [0.0, 0.0, 0.0, 1.0]]}, {"file_path": "rgb/14_20_36_499", "transform_matrix": [[0.28671789697168476, 0.10463225999970192, -0.9522840635669007, -4.153924728948824], [-0.11515332428881012, 0.9905749494811456, 0.07416860094178701, -1.0729209758708946], [0.9510691664970379, 0.08839321030362371, 0.2960643188748837, 1.1636761010303431], [0.0, 0.0, 0.0, 1.0]]}, {"file_path": "rgb/15_08_27_112", "transform_matrix": [[0.5187778604920651, -0.37381488396808704, 0.7688510674943496, 3.1718924547244165], [0.09690014256063248, 0.9192522053538759, 0.3815570014083932, 0.2047487575127346], [-0.849399725591552, -0.12344154679831715, 0.5131104078938902, 1.116945531889112], [0.0, 0.0, 0.0, 1.0]]}, {"file_path": "rgb/15_13_18_326", "transform_matrix": [[0.9828306545417367, 0.02449739495581525, -0.18287641218440506, -0.4777434631444142], [-0.024849879116472223, 0.9996911277284175, 0.0003642100786338134, -1.2843828058242717], [0.1828288489296981, 0.004186499906062238, 0.9831358427082078, 3.1562623516298642], [0.0, 0.0, 0.0, 1.0]]}, {"file_path": "rgb/14_30_34_336", "transform_matrix": [[-0.6268654152459189, 0.24546650023476901, -0.7394497605862455, -1.9952621156794839], [-0.0922588689953494, 0.9190107007955627, 0.38328531528738147, 0.17298875736252875], [0.7736459476144499, 0.3084891069158563, -0.5534495628817468, -2.342634198548036], [0.0, 0.0, 0.0, 1.0]]}, {"file_path": "rgb/15_00_06_167", "transform_matrix": [[-0.6889755743326492, -0.31917456606628164, 0.6507228706211247, 2.04481778285849], [0.07390515056876962, 0.8621980724856521, 0.5011511872892588, 0.5595763482625912], [-0.721006717508515, 0.39337269882190246, -0.5704447678164546, -1.9074269418152647], [0.0, 0.0, 0.0, 1.0]]}, {"file_path": "rgb/14_33_32_382", "transform_matrix": [[-0.8467355173253083, 0.22330590495367852, -0.48288035424177356, -0.9239864403726671], [-0.06565053839515686, 0.8568516044026788, 0.511366145575732, 0.659649506108713], [0.5279478861670609, 0.4646932330531328, -0.7108665336378961, -2.889225574364621], [0.0, 0.0, 0.0, 1.0]]}, {"file_path": "rgb/15_11_17_728", "transform_matrix": [[0.9885895713295024, -0.013040269209103509, 0.1500686870653072, 0.5420569092540839], [0.012853192293526952, 0.999914937657176, 0.002216505788681243, -1.2978403175796], [-0.15008482570338874, -0.0002623528153942499, 0.9886730886721776, 3.3107569971729967], [0.0, 0.0, 0.0, 1.0]]}, {"file_path": "rgb/14_33_24_364", "transform_matrix": [[-0.8452119223767035, 0.16480221855153643, -0.5083866983239912, -0.952693725742405], [-0.06691630732546855, 0.9111459612326451, 0.40661436908127374, 0.2501605183663152], [0.5302254370418309, 0.3776946731024023, -0.7590834735546996, -3.004306186498505], [0.0, 0.0, 0.0, 1.0]]}, {"file_path": "rgb/14_59_44_461", "transform_matrix": [[-0.6941719216044342, -0.08949899142461254, 0.7142235460904269, 2.6318198313849144], [0.06874717871518644, 0.9794608400964805, 0.18955286369822705, -0.6448867124400273], [-0.7165187845930553, 0.18068312940469447, -0.6737614103477706, -2.5575169254143946], [0.0, 0.0, 0.0, 1.0]]}, {"file_path": "rgb/14_37_29_397", "transform_matrix": [[-0.9892150729702996, 0.006997886478142908, -0.14630300404709196, -0.28879607954093484], [-0.025019988211137205, 0.9761039444074421, 0.21585895835509722, -0.4816211282630539], [0.14431749581488354, 0.21719143467704247, -0.9654016475564189, -4.108735228856951], [0.0, 0.0, 0.0, 1.0]]}, {"file_path": "rgb/14_48_28_830", "transform_matrix": [[-0.9888478299946322, -0.029624094700593486, 0.14595335600141984, 0.959094650399872], [0.0026664785129527366, 0.9763382306321933, 0.21623262773767002, -0.47875446116636045], [-0.14890553719471586, 0.21421034620010307, -0.9653709486894583, -4.026868025203515], [0.0, 0.0, 0.0, 1.0]]}, {"file_path": "rgb/15_06_54_075", "transform_matrix": [[0.24933321567518868, -0.11831129006238311, 0.961163558508563, 4.345694420690337], [0.10447501403336286, 0.9900028284046083, 0.09475954407659445, -0.9574942317314483], [-0.9627657653883408, 0.07679087442300703, 0.2592011624232257, 0.42814233630391435], [0.0, 0.0, 0.0, 1.0]]}, {"file_path": "rgb/15_09_22_135", "transform_matrix": [[0.728752496166736, -0.22352543228941826, 0.6472682445868794, 2.3325345799823727], [0.07518227542412761, 0.9656274797368655, 0.24881960501351152, -0.29801442913846365], [-0.6806375135068606, -0.13266480881099557, 0.7205085868401153, 1.9539332029102547], [0.0, 0.0, 0.0, 1.0]]}, {"file_path": "rgb/14_30_50_539", "transform_matrix": [[-0.6293735771273462, 0.44379013653953664, -0.6379178749056555, -1.7652365817196771], [-0.0894875235417754, 0.7740418025915324, 0.6267784863659656, 1.0425782272551094], [0.7719332118417291, 0.45156350887895075, -0.44744777785194256, -2.0372493850482805], [0.0, 0.0, 0.0, 1.0]]}, {"file_path": "rgb/14_16_04_823", "transform_matrix": [[0.9994203302382775, 0.012463635325823091, -0.03168061395991548, 0.26256581642363996], [-0.001416572925646553, 0.9449933462537273, 0.32708648528688705, -0.10649562364447461], [0.034014656069974086, -0.3268520052418946, 0.9444632178342328, 4.141967852932764], [0.0, 0.0, 0.0, 1.0]]}, {"file_path": "rgb/14_18_46_323", "transform_matrix": [[0.8128816032141942, 0.1896928441392189, -0.5506724289796028, -2.2322571436226926], [-0.06899184356788615, 0.9701799657939736, 0.23235954788454138, -0.4467549014856745], [0.578328301812237, -0.15088889572920267, 0.8017287050296974, 3.1565580465050584], [0.0, 0.0, 0.0, 1.0]]}, {"file_path": "rgb/14_29_55_335", "transform_matrix": [[-0.6237414487730126, 0.07887775319450965, -0.7776406015207338, -2.5103226157237635], [-0.09415169538342759, 0.9800690151346692, 0.17492908228589482, -0.6251229985751476], [0.7759394714402462, 0.18232670024970316, -0.6038831932063398, -2.8801475144798254], [0.0, 0.0, 0.0, 1.0]]}, {"file_path": "rgb/14_31_19_798", "transform_matrix": [[-0.6230943961808709, 0.07884404713319608, -0.778162572782612, -2.5063803247248693], [-0.09473197084497392, 0.9799743433854784, 0.17514605335555644, -0.6261878805989421], [0.7763885799957532, 0.18284939851653517, -0.6031474697901985, -2.8788522806167154], [0.0, 0.0, 0.0, 1.0]]}, {"file_path": "rgb/15_10_36_673", "transform_matrix": [[0.906738295699881, -0.13730672615594858, 0.3987135890129796, 1.5400568889797643], [0.046902004463023284, 0.9724761273296727, 0.22823317846280003, -0.35228089594681583], [-0.4190773974919503, -0.18824729673017127, 0.888221306986697, 2.4991481240414797], [0.0, 0.0, 0.0, 1.0]]}, {"file_path": "rgb/14_18_54_242", "transform_matrix": [[0.8108704391703603, 0.2540055451470829, -0.527228900871529, -2.1898843513682986], [-0.06861360033235898, 0.9359478727441372, 0.34538927799680713, -0.01735507671761378], [0.5811895600654734, -0.24389088244593668, 0.7763606975695276, 3.162894280518319], [0.0, 0.0, 0.0, 1.0]]}, {"file_path": "rgb/15_07_07_151", "transform_matrix": [[0.2544691957862099, -0.3206448371220643, 0.91237728863825, 3.6909344694870208], [0.10752697219787592, 0.9469655841005269, 0.30281039080438577, -0.11890242672193192], [-0.9610844804937163, 0.021049250725678596, 0.2754515391098964, 0.3353015916772045], [0.0, 0.0, 0.0, 1.0]]}, {"file_path": "rgb/15_12_25_989", "transform_matrix": [[0.997283660584451, -0.02575108261762292, 0.06900856523141133, 0.8716912397428193], [0.010366948095218194, 0.976642023628033, 0.21462265507380993, -0.38764557529513055], [-0.07292343051769186, -0.21332425888248346, 0.9742560925412633, 2.7381970300235725], [0.0, 0.0, 0.0, 1.0]]}, {"file_path": "rgb/15_05_57_417", "transform_matrix": [[-0.07726706250467706, -0.43809237483756913, 0.8956030773512764, 2.9981571352245195], [0.1108189421893425, 0.8889485663172012, 0.44439802935502276, 0.38118455064857504], [-0.9908324596539684, 0.1335871159647183, -0.020137510876357918, -0.5208186432564414], [0.0, 0.0, 0.0, 1.0]]}, {"file_path": "rgb/14_17_16_563", "transform_matrix": [[0.9441550901538439, 0.10719092886567486, -0.311578674664202, -0.9896476545618156], [-0.03864657990785801, 0.9751044183558228, 0.21835250207949936, -0.5099039945834591], [0.3272271498485606, -0.19411717613819252, 0.9247923628199582, 3.8772221601101], [0.0, 0.0, 0.0, 1.0]]}, {"file_path": "rgb/15_10_44_408", "transform_matrix": [[0.9081117042074607, -0.18254565914610357, 0.37684242729333983, 1.5191352822845767], [0.04783504710745333, 0.9393041825775656, 0.33973439752329854, 0.06327528774639832], [-0.4159867076598112, -0.29049050745111354, 0.8617252022142238, 2.4784611541222437], [0.0, 0.0, 0.0, 1.0]]}, {"file_path": "rgb/14_55_54_540", "transform_matrix": [[-0.9888446641154605, -0.029743663584076218, 0.14595048724474635, 0.9594907865151707], [0.0025867513701981555, 0.9762824840881168, 0.21648514956015893, -0.4793606271797434], [-0.1489279657006378, 0.21444772262566228, -0.9653147855973906, -4.0275413589845845], [0.0, 0.0, 0.0, 1.0]]}, {"file_path": "rgb/15_07_14_944", "transform_matrix": [[0.25792453245774566, -0.42467450395193274, 0.8678286128318383, 3.6276050158303854], [0.1091389704960153, 0.9052770650429338, 0.41056317495157985, 0.2882552920955946], [-0.95998105224818, -0.011180393572301982, 0.27984170190313884, 0.3567551026877452], [0.0, 0.0, 0.0, 1.0]]}, {"file_path": "rgb/14_34_43_794", "transform_matrix": [[-0.9847669375988356, 0.009439426755295086, -0.1736230855466583, -0.17794701208805463], [-0.028634559150522702, 0.976088609581825, 0.21547874203010037, -0.4708614837534757], [0.17150551196526018, 0.2171679614196135, -0.9609494970592278, -4.199434047366818], [0.0, 0.0, 0.0, 1.0]]}, {"file_path": "rgb/15_14_13_005", "transform_matrix": [[0.8842576395928791, 0.057021866425438446, -0.4635050523683528, -1.546074049509506], [-0.05889396351791422, 0.9982095755931193, 0.010447212803186886, -1.2474671904251535], [0.46327090118286135, 0.018059621910880178, 0.8860326868539645, 2.697388879473768], [0.0, 0.0, 0.0, 1.0]]}, {"file_path": "rgb/14_33_40_715", "transform_matrix": [[-0.8470356598506926, 0.3014898520062764, -0.43776073382446673, -0.7978162376886335], [-0.06469126603559897, 0.7589814988770774, 0.6478905188849547, 1.1162177895898502], [0.5275847145625177, 0.5771056692665028, -0.6233806344926417, -2.6179548282695824], [0.0, 0.0, 0.0, 1.0]]}, {"file_path": "rgb/14_58_04_812", "transform_matrix": [[-0.9874281533045295, -0.09764770934179455, 0.1243003094199934, 0.76428246842093], [0.008591516916232307, 0.7520527602666814, 0.6590469115414649, 1.151417075397008], [-0.15783481206211702, 0.651829403015517, -0.7417591263110618, -2.8672894398142175], [0.0, 0.0, 0.0, 1.0]]}, {"file_path": "rgb/14_20_14_606", "transform_matrix": [[0.5758781303475066, 0.4685062889323036, -0.6699748026742058, -2.823933808780051], [-0.09128273559653356, 0.8512296024038878, 0.5167936011342751, 0.6095088955893235], [0.8124234371123679, -0.23645300002791206, 0.5329710476267228, 2.157009463553783], [0.0, 0.0, 0.0, 1.0]]}, {"file_path": "rgb/15_08_35_258", "transform_matrix": [[0.5198955440754404, -0.49507004891048295, 0.6961424207173942, 2.969116898909088], [0.09825990084753675, 0.8441849269174441, 0.5269694498268581, 0.6836234560810698], [-0.848559729857559, -0.20556618359341464, 0.48753351579855986, 1.0463023093230794], [0.0, 0.0, 0.0, 1.0]]}, {"file_path": "rgb/14_58_26_807", "transform_matrix": [[-0.9008993239330705, -0.05871731489125728, 0.4300380042146235, 2.1001935886670564], [0.03624054263427862, 0.9771702490253664, 0.20934404096910908, -0.5394915836596756], [-0.4325124636429668, 0.20418271560458745, -0.8782040693607759, -3.443130696678312], [0.0, 0.0, 0.0, 1.0]]}, {"file_path": "rgb/14_26_05_497", "transform_matrix": [[-0.37302555308383356, 0.09539236154428808, -0.9229042388598634, -3.272938980189505], [-0.11201631776732078, 0.9827944950838167, 0.14685817984299124, -0.7089980365472345], [0.9210343540283121, 0.15816218824975073, -0.3559219590130675, -2.1640950907771104], [0.0, 0.0, 0.0, 1.0]]}, {"file_path": "rgb/14_24_48_604", "transform_matrix": [[-0.07288998337032204, 0.10600085851650366, -0.9916909137014608, -3.816682983372529], [-0.1178998789507246, 0.9864478713712896, 0.11410615938877182, -0.8621769192715232], [0.9903467417362862, 0.12523743474223453, -0.059404680552174384, -0.7579501174202127], [0.0, 0.0, 0.0, 1.0]]}, {"file_path": "rgb/15_14_35_191", "transform_matrix": [[0.8799486371384766, 0.20874789181345563, -0.4267490054605577, -1.1499727316891328], [-0.05873533475793475, 0.9392010249656878, 0.3383069540436239, 0.08572740312590615], [0.4714239667740819, -0.2726274974518146, 0.8387095392232937, 2.17169143224655], [0.0, 0.0, 0.0, 1.0]]}, {"file_path": "rgb/14_22_12_935", "transform_matrix": [[-0.029172359006678614, 0.10591266265992215, -0.9939474238400495, -4.2084335867829115], [-0.11735463748512001, 0.9871308264412495, 0.10863066118804324, -0.9049315104363437], [0.9926615045073125, 0.11981335225132843, -0.0163675927239646, -0.35492329830189184], [0.0, 0.0, 0.0, 1.0]]}, {"file_path": "rgb/15_04_40_523", "transform_matrix": [[-0.3988279807862885, -0.4025079119708853, 0.8239682169493976, 2.9791087834907115], [0.09682040778857798, 0.8750177030496843, 0.4743098438629623, 0.4808344173369621], [-0.9119002414615237, 0.268944976064793, -0.3100105634844115, -1.3908866394054205], [0.0, 0.0, 0.0, 1.0]]}, {"file_path": "rgb/15_14_26_663", "transform_matrix": [[0.8814842177461784, 0.15629689026609603, -0.44559719024872246, -1.2014937222570714], [-0.05891209719020403, 0.9726619528884661, 0.2246287831241737, -0.3372293878385938], [0.46852421353550144, -0.17175566219587357, 0.8665939382632426, 2.1907677217501473], [0.0, 0.0, 0.0, 1.0]]}, {"file_path": "rgb/14_57_48_580", "transform_matrix": [[-0.988139579114277, -0.059284015429298995, 0.1416530186845223, 0.8322718989702992], [0.0060557431397162955, 0.9067081584440119, 0.421715121125736, 0.2952900561663013], [-0.15343891345706534, 0.4175712165914301, -0.895595209294616, -3.2685626431209185], [0.0, 0.0, 0.0, 1.0]]}, {"file_path": "rgb/15_10_52_308", "transform_matrix": [[0.9088108722832504, -0.24219234218594468, 0.33971409715559897, 1.4200985862309092], [0.04915909197631638, 0.8707461185168885, 0.4892694357548166, 0.5552359975235894], [-0.41430204210916144, -0.42795334614214514, 0.8032494951320666, 2.3143371763251666], [0.0, 0.0, 0.0, 1.0]]}, {"file_path": "rgb/14_17_56_623", "transform_matrix": [[0.816490297627111, 0.06718515998224915, -0.5734367865414209, -2.63560480537387], [-0.06923669362108337, 0.9974327921501102, 0.01827855027224364, -1.3494095867245661], [0.5731927024458806, 0.024778608148850665, 0.8190458756632584, 3.5970805957203456], [0.0, 0.0, 0.0, 1.0]]}, {"file_path": "rgb/14_25_42_771", "transform_matrix": [[-0.08101603509453828, 0.5711487213512696, -0.8168387479523546, -2.8416043527270562], [-0.11107001432931934, 0.8092549093085637, 0.576862153098011, 0.8674141483688264], [0.9905048480317725, 0.1374613758799105, -0.002125127468312079, -0.45616572796418187], [0.0, 0.0, 0.0, 1.0]]}, {"file_path": "rgb/15_04_13_998", "transform_matrix": [[-0.4057757747709945, -0.11197644630260897, 0.9070872593540478, 3.675060507134833], [0.08967488861788855, 0.9828001735174978, 0.1614380168527389, -0.7281829148864373], [-0.9095627713139801, 0.14685058531519302, -0.38875502650411686, -1.8002549002813946], [0.0, 0.0, 0.0, 1.0]]}, {"file_path": "rgb/15_13_39_998", "transform_matrix": [[0.9812766308350316, 0.08429898256686587, -0.17317579309834383, -0.3047231739931232], [-0.02331463734228782, 0.9445076967977375, 0.3276608587784488, 0.048061962269310296], [0.1911873465024471, -0.3174884127460783, 0.9287887307183097, 2.5720379920220138], [0.0, 0.0, 0.0, 1.0]]}, {"file_path": "rgb/14_16_35_144", "transform_matrix": [[0.9454962789816247, 0.037677756691766845, -0.3234457807462906, -1.2269550720630662], [-0.038900020468695166, 0.9992394935462526, 0.0026875537135592413, -1.4266026830129157], [0.3233010591375112, 0.0100409754558104, 0.9462428884659896, 4.406458180592416], [0.0, 0.0, 0.0, 1.0]]}, {"file_path": "rgb/15_04_48_423", "transform_matrix": [[-0.39871289798287746, -0.5332466892622887, 0.7461072264580364, 2.753444380066984], [0.09947829600682043, 0.7836232705716416, 0.6132198940365379, 0.9433249642307846], [-0.9116644632789385, 0.3187201565784817, -0.2593942331373488, -1.2448900013919217], [0.0, 0.0, 0.0, 1.0]]}, {"file_path": "rgb/14_30_42_284", "transform_matrix": [[-0.6291376044891261, 0.33046180268641334, -0.7035487698681091, -1.9490698046756727], [-0.09114013327556092, 0.8675200950652621, 0.4889809411055518, 0.5823863451578678], [0.7719322189960698, 0.37175782657962175, -0.5156711817162163, -2.2449613012560348], [0.0, 0.0, 0.0, 1.0]]}, {"file_path": "rgb/14_27_20_170", "transform_matrix": [[-0.41057444097924917, 0.2901709895177144, -0.8644243317126646, -2.6944628486576465], [-0.10560577658810008, 0.9265013391161463, 0.36116850439540255, 0.08433803553140973], [0.9056909231994105, 0.2395747596436194, -0.3497540366827819, -1.6132051456951195], [0.0, 0.0, 0.0, 1.0]]}, {"file_path": "rgb/14_38_55_928", "transform_matrix": [[-0.9847716429246955, 0.009655712104218553, -0.17358449963967404, -0.15259780480617358], [-0.028404002137109988, 0.9761046645538152, 0.2154365254521127, -0.4781144306596645], [0.17151683285902453, 0.21708627561419946, -0.9609659333118759, -4.134708672711527], [0.0, 0.0, 0.0, 1.0]]}, {"file_path": "rgb/15_12_11_835", "transform_matrix": [[0.9968916575521926, -0.007738902804343499, 0.07840365097510986, 0.9087561918459541], [0.007698194635899595, 0.9999700310585863, 0.0008214523950919525, -1.2964685380620393], [-0.0784076584409312, -0.00021533247437186554, 0.9969213573445679, 3.3109894248577683], [0.0, 0.0, 0.0, 1.0]]}, {"file_path": "rgb/14_21_32_017", "transform_matrix": [[0.2784691824808727, 0.5508034361310054, -0.7868103260346246, -3.1958454806200454], [-0.10853815892029893, 0.8320136221938944, 0.5440338229760974, 0.7029060434599308], [0.954292608410348, -0.06609770971881934, 0.2914733440699169, 1.1208195453532672], [0.0, 0.0, 0.0, 1.0]]}, {"file_path": "rgb/15_00_14_536", "transform_matrix": [[-0.6884811644460781, -0.4215895221276662, 0.5901321555678336, 1.8613191746180782], [0.07655109187073937, 0.7669019270236475, 0.6371823637396233, 1.011693568950094], [-0.721202895540755, 0.48386331660871096, -0.4957243934930457, -1.6875604311427432], [0.0, 0.0, 0.0, 1.0]]}, {"file_path": "rgb/14_59_12_089", "transform_matrix": [[-0.8689536473960203, -0.21984299289690165, 0.44338314937679546, 1.4299780107367783], [0.047660134397268565, 0.8545779426750812, 0.5171315610968445, 0.6567645237938124], [-0.4925932097241974, 0.4704950566874834, -0.7321108736839348, -2.77644040480853], [0.0, 0.0, 0.0, 1.0]]}, {"file_path": "rgb/14_17_33_569", "transform_matrix": [[0.9427283565842167, 0.19114352255603725, -0.273363127500567, -0.8824035943283495], [-0.03715937744026902, 0.8746087929131888, 0.48340318578510233, 0.4315498477454212], [0.33148518271602, -0.44555988726971835, 0.8316212842970787, 3.717948556698387], [0.0, 0.0, 0.0, 1.0]]}]}