{"camera_angle_x": 0.5869607316815062, "w": 1079.0, "h": 1439.0, "frames": [{"file_path": "rgb/16_08_40_625", "transform_matrix": [[1.0, 1.907425812046512e-16, -3.725237204630887e-17, 0.2216561974454198], [1.907425812046512e-16, 0.9999999999999999, -6.849447948033678e-18, -1.8203043434369808], [-3.725237204630887e-17, -6.849447948033678e-18, 0.9999999999999999, 4.433674478294341], [0.0, 0.0, 0.0, 1.0]]}, {"file_path": "rgb/16_14_43_119", "transform_matrix": [[0.6530820182786965, 0.42125974659978477, -0.629304459936293, -2.339406171536751], [-0.06863362058169999, 0.8605040747411329, 0.5047991318135898, 0.26113120701733444], [0.7541706063795324, -0.2864837922965139, 0.590892319483454, 1.8539632380248352], [0.0, 0.0, 0.0, 1.0]]}, {"file_path": "rgb/16_16_37_794", "transform_matrix": [[0.43609962557176923, 0.5011320054305314, -0.7474515567642739, -2.5992501921778564], [-0.08739924778082248, 0.8502551434246362, 0.5190641218262898, 0.33264590178666725], [0.8956441749174217, -0.1610369653623819, 0.41459451000147834, 0.8960212687895939], [0.0, 0.0, 0.0, 1.0]]}, {"file_path": "rgb/16_24_50_871", "transform_matrix": [[-0.9964462622433822, -0.05664952223995358, 0.062335207476826186, 0.2908833264694264], [-0.04388505653261993, 0.980831262828549, 0.18985293168998554, -1.0077670230181734], [-0.07189539814426729, 0.1864426600543413, -0.9798317132230103, -4.582597085025319], [0.0, 0.0, 0.0, 1.0]]}, {"file_path": "rgb/16_31_31_453", "transform_matrix": [[0.29520348528508716, -0.5624460990523058, 0.7723401374630098, 3.619443750417017], [0.0780850867789954, 0.8198638498338434, 0.5672089447093951, 0.530349703876009], [-0.9522382167809973, -0.10713381070638939, 0.28594531838320664, 0.830197075442476], [0.0, 0.0, 0.0, 1.0]]}, {"file_path": "rgb/16_30_16_920", "transform_matrix": [[-0.10552675092755177, -0.5934290350763011, 0.7979386474955854, 3.9897529569718824], [0.07255758446784766, 0.7956852210605002, 0.6013488387966623, 0.6489634279141185], [-0.9917658502765986, 0.12135488994808895, -0.0409082988013633, -0.5779047333096103], [0.0, 0.0, 0.0, 1.0]]}, {"file_path": "rgb/16_12_15_010", "transform_matrix": [[0.9588130374819572, 0.11820621817692814, -0.25827281920274064, -0.9628578818144354], [-0.026120657202666885, 0.9421316210729178, 0.33422405634815755, -0.3518453378993589], [0.2828343515592187, -0.31371212689155636, 0.906415705412948, 3.3111319161331902], [0.0, 0.0, 0.0, 1.0]]}, {"file_path": "rgb/16_32_31_223", "transform_matrix": [[0.6520422069917201, -0.24900737270097226, 0.7161258888225768, 2.976288408351929], [0.06211849015100567, 0.9588993140251579, 0.27686350200674875, -0.5937551436615014], [-0.7556336767791163, -0.1360420299122315, 0.6407107870284635, 1.999589636139998], [0.0, 0.0, 0.0, 1.0]]}, {"file_path": "rgb/16_30_35_070", "transform_matrix": [[0.08029355500625993, -0.11895608953832879, 0.9896476109132006, 5.03039519928996], [0.07005408496801499, 0.9910716379125625, 0.11344352649933241, -1.2807921916693403], [-0.9943064769997987, 0.06022007378822818, 0.08791002507785756, 0.08111424576848643], [0.0, 0.0, 0.0, 1.0]]}, {"file_path": "rgb/16_22_15_727", "transform_matrix": [[-0.6358496893890003, 0.49175045875188883, -0.5948753304863287, -2.2597086475513124], [-0.1017649398123523, 0.7106053537985344, 0.6961924505320694, 0.9804451965865717], [0.7650745516150044, 0.5032112056285777, -0.4017952376533762, -2.4006144827889826], [0.0, 0.0, 0.0, 1.0]]}, {"file_path": "rgb/16_27_54_339", "transform_matrix": [[-0.6246402670962803, -0.2904177681970093, 0.7249014116673775, 3.5987677885228755], [0.026567051613385746, 0.919834326791375, 0.3914064422372599, -0.08107094410390286], [-0.7804605874036564, 0.2637467178406703, -0.5668500157341573, -3.6451463994836515], [0.0, 0.0, 0.0, 1.0]]}, {"file_path": "rgb/16_15_10_771", "transform_matrix": [[0.46324736369220265, 0.267004160115594, -0.845050683990724, -2.9996541119467444], [-0.09214671600831557, 0.962878686636739, 0.2537195647749524, -0.6504988797337776], [0.8814254720400964, -0.03966627410880366, 0.4706545696550904, 0.8377691701025823], [0.0, 0.0, 0.0, 1.0]]}, {"file_path": "rgb/16_33_36_873", "transform_matrix": [[0.8899863045358529, -0.04574584372701851, 0.45368678129334916, 1.8476572969335772], [0.03861785859573719, 0.9989420466923239, 0.024968947667669085, -1.6808607903933674], [-0.4543490274404641, -0.004701609496156083, 0.8908113471055752, 3.4703238970075017], [0.0, 0.0, 0.0, 1.0]]}, {"file_path": "rgb/16_28_01_457", "transform_matrix": [[-0.62488010059676, -0.37204401559547623, 0.686373156772448, 3.5305448106038146], [0.02894033201562961, 0.8675106863747958, 0.4965759420354111, 0.3718131328866981], [-0.7801841558638621, 0.3301642916566291, -0.5313230876348856, -3.5533755216745084], [0.0, 0.0, 0.0, 1.0]]}, {"file_path": "rgb/16_24_30_586", "transform_matrix": [[-0.9917278592472883, 0.036244345203170915, -0.12313488796268826, -0.5056468833269926], [-0.051942112527205826, 0.7639323104534802, 0.6432024891054282, 0.7681912441734251], [0.11737917250944255, 0.6442777137896366, -0.7557303469988468, -3.4344696746608805], [0.0, 0.0, 0.0, 1.0]]}, {"file_path": "rgb/16_31_49_151", "transform_matrix": [[0.47679868331400677, -0.0962435664419657, 0.8737277559449281, 4.22412220126248], [0.06660501537288449, 0.9950859509329912, 0.07326474038009229, -1.4560566457663118], [-0.8764854747896319, 0.02326211886985745, 0.4808659754115247, 1.7721295183619934], [0.0, 0.0, 0.0, 1.0]]}, {"file_path": "rgb/16_30_55_705", "transform_matrix": [[0.08300624892626551, -0.5904348875038358, 0.8028054597830808, 3.869001511136947], [0.07873981754048391, 0.8069527473301763, 0.585343749185017, 0.5853627266276095], [-0.9934334420447514, 0.01462556647153902, 0.11347285592821071, 0.16869251291512308], [0.0, 0.0, 0.0, 1.0]]}, {"file_path": "rgb/16_22_25_546", "transform_matrix": [[-0.779732087129596, 0.015692392188892137, -0.6259166247415973, -2.2979787526818605], [-0.10251221440881318, 0.9829959823696778, 0.15234875956854152, -1.1053582827212969], [0.6176642439040203, 0.18295531550753508, -0.7648648471004619, -4.168321042412526], [0.0, 0.0, 0.0, 1.0]]}, {"file_path": "rgb/16_31_37_620", "transform_matrix": [[0.2942157209255007, -0.6552726675861932, 0.695740498084424, 3.3571759906542518], [0.08072074333624248, 0.742396756733639, 0.6650798577513972, 0.8744487007692021], [-0.9523241418527267, -0.13951625964685443, 0.2713188938106211, 0.7867910121388317], [0.0, 0.0, 0.0, 1.0]]}, {"file_path": "rgb/16_32_43_345", "transform_matrix": [[0.6502047362019215, -0.44669765070010026, 0.614568962671888, 2.672690496197464], [0.06896550362360543, 0.8402615468569614, 0.5377771770756816, 0.3939874092109624], [-0.7566224688247977, -0.30728120953380383, 0.577148765862763, 1.8743490854355118], [0.0, 0.0, 0.0, 1.0]]}, {"file_path": "rgb/16_13_12_019", "transform_matrix": [[0.8692499128354683, 0.3232400556447113, -0.3740594277148146, -1.810578692245189], [-0.040200961603944665, 0.8003448561877864, 0.5981905999427519, 0.5907575742435783], [0.4927357016917373, -0.5049395781680769, 0.7086942575453788, 2.1598466208293585], [0.0, 0.0, 0.0, 1.0]]}, {"file_path": "rgb/16_21_20_135", "transform_matrix": [[-0.4445037140848321, 0.5775444083961164, -0.684732724860708, -2.7183042490381237], [-0.10687784159799169, 0.7247466193456664, 0.6806757412471683, 0.9454561504439851], [0.8893781957863282, 0.37574565077643635, -0.26042586427320863, -2.081235683208742], [0.0, 0.0, 0.0, 1.0]]}, {"file_path": "rgb/16_26_12_661", "transform_matrix": [[-0.8867498661261436, -0.09588757426019706, 0.45219492260280986, 1.696635479846335], [-0.009263527421208891, 0.981738233613444, 0.19001112525657804, -1.023939791659084], [-0.46215675044835436, 0.1643034198184861, -0.8714445044011508, -3.980578816048702], [0.0, 0.0, 0.0, 1.0]]}, {"file_path": "rgb/16_21_10_048", "transform_matrix": [[-0.4470777396516403, 0.34985824581983915, -0.8232379379862452, -3.2130141786716027], [-0.11308280298329874, 0.8908476796467191, 0.4400030583274359, 0.09780832574567147], [0.8873183049939973, 0.2898096263065145, -0.35871521590623645, -2.4012037275407936], [0.0, 0.0, 0.0, 1.0]]}, {"file_path": "rgb/16_35_15_323", "transform_matrix": [[0.9959839058579633, -0.05680984577382589, 0.06920043854680248, -0.09357555582505851], [0.015062998802643423, 0.8682147675185008, 0.4959599011309957, 0.23350709982831738], [-0.0882562481583442, -0.49292571335440566, 0.8655836619155095, 2.8724092982678697], [0.0, 0.0, 0.0, 1.0]]}, {"file_path": "rgb/16_16_27_916", "transform_matrix": [[0.4337143629710532, 0.3692795894105225, -0.8219029359951269, -2.8303508258699632], [-0.09139073633543629, 0.9254855041499485, 0.3675925936691086, -0.2004601713825903], [0.8964036951422504, -0.08431587307922303, 0.43514508946121416, 0.9820036975361084], [0.0, 0.0, 0.0, 1.0]]}, {"file_path": "rgb/16_12_56_272", "transform_matrix": [[0.8676540355525395, 0.20594841473139802, -0.45250604974852715, -2.0471613364496855], [-0.0460511968686166, 0.9395454576984004, 0.339313454176623, -0.3174878596465423], [0.49503107160698545, -0.2735682426524092, 0.82468457894865, 2.5547792993949683], [0.0, 0.0, 0.0, 1.0]]}, {"file_path": "rgb/16_20_41_760", "transform_matrix": [[-0.23733879620956216, 0.5338525473403428, -0.8115859495531098, -3.552634221488772], [-0.10970384709361695, 0.815383380960092, 0.5684320610125273, 0.5141277022093161], [0.9652125992477804, 0.2239450820007359, -0.13495643186238815, -1.394159293299525], [0.0, 0.0, 0.0, 1.0]]}, {"file_path": "rgb/16_28_35_074", "transform_matrix": [[-0.45086924160055164, -0.3205377951321927, 0.8330500878520667, 4.042606967374332], [0.042534618754647806, 0.9245194822451452, 0.3787539216385297, -0.1307519568476511], [-0.8915759828449509, 0.20620196129271226, -0.40320344489240006, -2.851598007259916], [0.0, 0.0, 0.0, 1.0]]}, {"file_path": "rgb/16_15_26_326", "transform_matrix": [[0.46582090353263966, 0.49278624773357044, -0.7349643527931838, -2.7128595952131027], [-0.08515065811171448, 0.8516902769870077, 0.5170812677993045, 0.34643166694051747], [0.8807725309381403, -0.17828456503708498, 0.43869620765896783, 0.7414908893471505], [0.0, 0.0, 0.0, 1.0]]}, {"file_path": "rgb/16_12_29_579", "transform_matrix": [[0.9595573915564776, 0.18197952446728125, -0.2147860912256447, -0.8477856348550297], [-0.01949352699213331, 0.8040911447847198, 0.5941863624185644, 0.5616260664178788], [0.28083734565533797, -0.5659689775539476, 0.775119024235506, 2.871624886653623], [0.0, 0.0, 0.0, 1.0]]}, {"file_path": "rgb/16_32_14_205", "transform_matrix": [[0.4785069560039903, -0.6020720932958028, 0.6391715634555443, 2.954760838350723], [0.07836494651041304, 0.7542928164292079, 0.6518445230587686, 0.8035126299045171], [-0.8745799152817397, -0.2618234931355534, 0.4081157069117547, 1.3285035163246595], [0.0, 0.0, 0.0, 1.0]]}, {"file_path": "rgb/16_25_18_744", "transform_matrix": [[-0.9968758555769643, -0.07452030516608427, 0.026177331522685594, 0.15558572439323717], [-0.031038324331950973, 0.6743617484285698, 0.7377485036779318, 1.0865077904193015], [-0.07263023468473401, 0.7346311702986175, -0.6745679303341687, -3.0120899244160966], [0.0, 0.0, 0.0, 1.0]]}, {"file_path": "rgb/16_16_17_976", "transform_matrix": [[0.4336337697933918, 0.2713333238602096, -0.8592671185712522, -2.8840981382990085], [-0.09439849400370418, 0.9620191036876697, 0.25614091525916943, -0.6637307388797541], [0.8961309491500692, -0.02995782874213484, 0.44277742769076733, 0.977764663621017], [0.0, 0.0, 0.0, 1.0]]}, {"file_path": "rgb/16_31_55_755", "transform_matrix": [[0.4819212018598172, -0.28958589001039725, 0.826977610038431, 3.539625688886993], [0.06923008849291469, 0.9534409108534088, 0.2935261902425158, -0.5273834185235218], [-0.8734753288131566, -0.08420476125438674, 0.47953144645251283, 1.4855685814974247], [0.0, 0.0, 0.0, 1.0]]}, {"file_path": "rgb/16_12_22_522", "transform_matrix": [[0.9593886172341618, 0.1564342023109462, -0.23473777171316285, -0.9109474696625506], [-0.02235821676979193, 0.8716958390009447, 0.4895370000432181, 0.19362640570288334], [0.2812002689621722, -0.46440790757240175, 0.8397926554333667, 3.0920822521692872], [0.0, 0.0, 0.0, 1.0]]}, {"file_path": "rgb/16_20_47_837", "transform_matrix": [[-0.23661076312659998, 0.6317345217205034, -0.7381916017127361, -3.295913018294267], [-0.10717699567975603, 0.7381585106891999, 0.6660593852609269, 0.8578278434464792], [0.9656751205088124, 0.2367139775418201, -0.10694884041737504, -1.3015879659153369], [0.0, 0.0, 0.0, 1.0]]}, {"file_path": "rgb/16_34_33_399", "transform_matrix": [[0.964140666122249, -0.11792703792582226, 0.23775194984560574, 0.6019617075703557], [0.028648764851259605, 0.9368650280611053, 0.34851566316101484, -0.2865408404888926], [-0.26384090699101803, -0.32920682393004297, 0.906648136200616, 3.0238897015458384], [0.0, 0.0, 0.0, 1.0]]}, {"file_path": "rgb/16_22_04_974", "transform_matrix": [[-0.6380225960885784, 0.2927064587840057, -0.7122149225244565, -2.6621888636277835], [-0.10777520832928558, 0.8818828948550803, 0.45898481917336, 0.14444581343758015], [0.7624379786907062, 0.36960179754453326, -0.5311147144467757, -2.809960533585023], [0.0, 0.0, 0.0, 1.0]]}, {"file_path": "rgb/16_27_36_349", "transform_matrix": [[-0.7739568028152202, -0.4529536063567183, 0.4425199406405152, 2.6973855259951556], [0.021263250652617305, 0.6798369593316089, 0.7330549658098199, 1.2409651789277691], [-0.6328813013099107, 0.5767622900426093, -0.516533173413943, -3.7448293039485443], [0.0, 0.0, 0.0, 1.0]]}, {"file_path": "rgb/16_14_27_273", "transform_matrix": [[0.6510124662741751, 0.22962676516803607, -0.7235014287989208, -2.564715864485621], [-0.07534072456600653, 0.9679861385147238, 0.2394297618618519, -0.7423610551415691], [0.7553188359742428, -0.10136263789887087, 0.6474712902211937, 2.0057003199653067], [0.0, 0.0, 0.0, 1.0]]}, {"file_path": "rgb/16_22_36_240", "transform_matrix": [[-0.7833553666065765, 0.2277641216191679, -0.578340621530016, -1.8150502650214146], [-0.09648227983554572, 0.8746117718025785, 0.47512673919922643, 0.2161008752500008], [0.614040340113263, 0.4279927026567197, -0.6631566234202786, -3.387475248741851], [0.0, 0.0, 0.0, 1.0]]}, {"file_path": "rgb/16_31_12_755", "transform_matrix": [[0.2924267226023765, -0.10783582826924962, 0.9501884266025965, 4.732775251453145], [0.06958465875726283, 0.9933871530823505, 0.09132326842912415, -1.3609599019853438], [-0.953752896285861, 0.0394131733361763, 0.2979966687630994, 0.9800529285697911], [0.0, 0.0, 0.0, 1.0]]}, {"file_path": "rgb/16_21_14_887", "transform_matrix": [[-0.4450853492902668, 0.4863968029486435, -0.7518757755962747, -2.955373393992277], [-0.10949019196544131, 0.8037680360878042, 0.5847810205768692, 0.6073109615555488], [0.8887693343666465, 0.3426004878059757, -0.30448969776426793, -2.2319062577320197], [0.0, 0.0, 0.0, 1.0]]}, {"file_path": "rgb/16_33_25_631", "transform_matrix": [[0.7860429767535804, -0.4258862968021334, 0.4480594836542748, 1.8062744399275488], [0.06354998336461878, 0.7766455444685788, 0.6267241002797491, 0.6826062903543697], [-0.6148966078217759, -0.4641579046545148, 0.6375418427334817, 2.1560180161265614], [0.0, 0.0, 0.0, 1.0]]}, {"file_path": "rgb/16_26_40_500", "transform_matrix": [[-0.8865565400927825, -0.33911454826989046, 0.3146725669174592, 1.0129369215558082], [0.003723950363825904, 0.6749429461623989, 0.7378605231473688, 1.06888456501231], [-0.4626052673850596, 0.6553268974926398, -0.5971122373643574, -2.557312945911293], [0.0, 0.0, 0.0, 1.0]]}, {"file_path": "rgb/16_27_47_667", "transform_matrix": [[-0.6288533137401334, -0.12289252465126202, 0.7677505696402265, 4.226333527638671], [0.02296168702507791, 0.9840641425331683, 0.17632505298290002, -0.92913068377139], [-0.777184836912697, 0.12851144215710544, -0.6160101772760619, -4.194942608352838], [0.0, 0.0, 0.0, 1.0]]}, {"file_path": "rgb/16_15_18_350", "transform_matrix": [[0.4633435508325704, 0.3631107893805455, -0.8083707741731526, -2.943097813969424], [-0.08892257278194213, 0.9266450436681352, 0.36526940618551645, -0.18731697984581716], [0.8817060337503114, -0.09736281467129462, 0.4616437504911961, 0.837129503270305], [0.0, 0.0, 0.0, 1.0]]}, {"file_path": "rgb/16_09_48_103", "transform_matrix": [[0.9999796170159989, -0.0009920671117131688, -0.006307246259785093, 0.1935017759557384], [0.0030553478901355086, 0.9417571792611997, 0.33627976471869175, -0.3718185872222167], [0.005606282351609, -0.33629218116517995, 0.9417410145498386, 3.733683312855059], [0.0, 0.0, 0.0, 1.0]]}, {"file_path": "rgb/16_33_06_496", "transform_matrix": [[0.7883610528579745, -0.2023236818120899, 0.5809922358471464, 2.252754313789788], [0.053947162178707306, 0.9634729026848656, 0.26231597260720363, -0.6674431972366098], [-0.6128430092850289, -0.17545681397426294, 0.7704793004360799, 2.5250475511398904], [0.0, 0.0, 0.0, 1.0]]}, {"file_path": "rgb/16_29_19_472", "transform_matrix": [[-0.274840383568783, -0.33755018261335223, 0.9002903074994515, 4.31401171996422], [0.0571613855718337, 0.9289567544368247, 0.36574844413299856, -0.21619838410188855], [-0.9597892162132644, 0.1519842840687598, -0.23601999457002393, -1.8027481732845296], [0.0, 0.0, 0.0, 1.0]]}, {"file_path": "rgb/16_14_35_958", "transform_matrix": [[0.6511287466276885, 0.3112844357377089, -0.6921945935808165, -2.5243069988268605], [-0.07239339226446395, 0.9333361364592694, 0.351628857086172, -0.27680817134841507], [0.7555068180178777, -0.17884534225620852, 0.6302569249772357, 1.9948409876590176], [0.0, 0.0, 0.0, 1.0]]}, {"file_path": "rgb/16_31_18_971", "transform_matrix": [[0.2978236431876929, -0.31756867213763884, 0.900250640674666, 3.9839785130508285], [0.07209756965807952, 0.9478344167489736, 0.3105025907710456, -0.4468949518392968], [-0.9518944363782195, -0.027569129526877654, 0.3051834285955283, 0.8293191252348471], [0.0, 0.0, 0.0, 1.0]]}, {"file_path": "rgb/16_28_56_777", "transform_matrix": [[-0.45394237079319577, -0.6236972329743876, 0.6363474566451454, 3.460311363489179], [0.05193544517585099, 0.6944351120885455, 0.7176786081756621, 1.1444289732409703], [-0.8895161794667024, 0.3588337173102073, -0.28284152769404164, -2.4356456294461446], [0.0, 0.0, 0.0, 1.0]]}, {"file_path": "rgb/16_33_00_313", "transform_matrix": [[0.7848177400110857, -0.06540026136219933, 0.6162661119821925, 2.744889567510719], [0.051435236869781284, 0.9978591111982995, 0.04039320000555752, -1.620267373465398], [-0.6175884806018015, -3.506495553943037e-06, 0.7865014104346303, 3.0492107685295298], [0.0, 0.0, 0.0, 1.0]]}, {"file_path": "rgb/16_33_49_311", "transform_matrix": [[0.8926681119474867, -0.19811665183904884, 0.404837540472958, 1.4289997359724345], [0.04362481619178382, 0.931974154408511, 0.3598903318050848, -0.24903317687778775], [-0.44859839202157414, -0.3036016597099329, 0.8405864113207111, 2.834635320833844], [0.0, 0.0, 0.0, 1.0]]}, {"file_path": "rgb/16_23_09_308", "transform_matrix": [[-0.8891270604889813, 0.15581672252531045, -0.4303187415018003, -0.7811474053501778], [-0.08374277540674033, 0.8689920422632101, 0.4876884026203526, 0.2747950240831072], [0.4499335705116913, 0.4696530415792973, -0.7595958153267535, -3.7617532178642112], [0.0, 0.0, 0.0, 1.0]]}, {"file_path": "rgb/16_35_09_222", "transform_matrix": [[0.996203157076362, -0.04057347110456107, 0.07702638037462436, -0.04523395231856575], [0.011902998398487396, 0.9399295080509051, 0.34116101554003647, -0.30919628032633123], [-0.08624145441847895, -0.3389488358701218, 0.9368436893111224, 3.0998003698701613], [0.0, 0.0, 0.0, 1.0]]}, {"file_path": "rgb/16_12_49_045", "transform_matrix": [[0.8676404852735372, 0.15337158421518712, -0.4729451823093504, -2.071902809147201], [-0.048598901151830305, 0.9728386474666705, 0.22632523677675315, -0.7843542370633967], [0.49481121159603414, -0.17338432210134375, 0.8515278866416074, 2.5855114841844076], [0.0, 0.0, 0.0, 1.0]]}, {"file_path": "rgb/16_33_43_310", "transform_matrix": [[0.8926100240778938, -0.146944555266249, 0.42620962283044045, 1.4856364693061055], [0.041112481700340035, 0.9679820072036303, 0.2476299609870946, -0.7160813036639884], [-0.44895112068475923, -0.20351445011997316, 0.8700716980963487, 2.8696540905441847], [0.0, 0.0, 0.0, 1.0]]}, {"file_path": "rgb/16_34_20_290", "transform_matrix": [[0.9627002916418433, -0.025213470606759932, 0.2693927047502801, 0.8575304021845447], [0.022713007275579674, 0.999665181566108, 0.012395324316038915, -1.7254277767585648], [-0.2696150362520774, -0.005814263871064693, 0.9629506355792224, 3.699400334578682], [0.0, 0.0, 0.0, 1.0]]}, {"file_path": "rgb/16_14_19_437", "transform_matrix": [[0.6551280952676461, 0.06361511804609389, -0.7528348394880298, -3.1205563410240473], [-0.07764616823501115, 0.9968416871942497, 0.016665030157248392, -1.7126417826601743], [0.7515172994345547, 0.04753701113556911, 0.6579984659730524, 2.4083271330853147], [0.0, 0.0, 0.0, 1.0]]}, {"file_path": "rgb/16_12_07_115", "transform_matrix": [[0.9588266630767517, 0.0894208653761825, -0.26954654330648736, -0.9686074412692616], [-0.028780088597314284, 0.9748436358157017, 0.22102396297676466, -0.8181550953446367], [0.28252988633670617, -0.20416609548355028, 0.9372796107787524, 3.3406414426898956], [0.0, 0.0, 0.0, 1.0]]}, {"file_path": "rgb/16_34_26_756", "transform_matrix": [[0.9642198764533764, -0.08590917046814592, 0.2507980149078343, 0.6393591582698205], [0.025221273045858993, 0.9714729035934939, 0.23580560843536416, -0.752526364209562], [-0.2639013399704168, -0.22104300941921007, 0.9388802217262416, 3.05194048435095], [0.0, 0.0, 0.0, 1.0]]}, {"file_path": "rgb/16_23_03_810", "transform_matrix": [[-0.8890606784671597, 0.10168539732604394, -0.4463532121248347, -0.8106795967172857], [-0.08669759416051633, 0.91997458725862, 0.38226991245075775, -0.17750139213916497], [0.44950488002945155, 0.3785588973580942, -0.8090973514112698, -3.871141059736446], [0.0, 0.0, 0.0, 1.0]]}, {"file_path": "rgb/16_33_55_488", "transform_matrix": [[0.8915719688492362, -0.2677162081490736, 0.3652772320533789, 1.280999055455583], [0.04784182688675335, 0.8577305574411858, 0.5118685870726691, 0.27956250797468873], [-0.45034496107143696, -0.4388921538668861, 0.7775365543250368, 2.641675453569389], [0.0, 0.0, 0.0, 1.0]]}, {"file_path": "rgb/16_20_36_443", "transform_matrix": [[-0.23962669212572907, 0.3875490911085695, -0.8901599577614142, -3.8123989720964633], [-0.11329306036676481, 0.8994467837797391, 0.422090233979674, -0.0037500035418800612], [0.9642321976026386, 0.20199303237786503, -0.17162483496621658, -1.494811997499748], [0.0, 0.0, 0.0, 1.0]]}, {"file_path": "rgb/16_31_01_834", "transform_matrix": [[0.08185373932715347, -0.6861756855849974, 0.7228159474376037, 3.5970488448590725], [0.08133394672318295, 0.7274295946124042, 0.6813449742916314, 0.9227102268691155], [-0.9933200664783692, 0.0030188398420239555, 0.11535220907037443, 0.18349658598754867], [0.0, 0.0, 0.0, 1.0]]}, {"file_path": "rgb/16_33_13_394", "transform_matrix": [[0.7882557203465501, -0.27148707350340723, 0.5522206880057076, 2.1802847085267594], [0.05722927033864058, 0.9258667106151394, 0.373491157581018, -0.2056928893838466], [-0.6126807732885439, -0.2628033544216235, 0.7453567380438004, 2.50081499196579], [0.0, 0.0, 0.0, 1.0]]}, {"file_path": "rgb/16_16_08_147", "transform_matrix": [[0.43847257307537163, 0.07323016819521376, -0.8957561862062489, -3.5492590530590835], [-0.09638982858134348, 0.9947579576214164, 0.034140982629782636, -1.6198196737073003], [0.8935607442176063, 0.07137190073809593, 0.44323272462478364, 1.2159659134180407], [0.0, 0.0, 0.0, 1.0]]}, {"file_path": "rgb/16_24_57_023", "transform_matrix": [[-0.9962042156922217, -0.06807907076493479, 0.054243900678587, 0.20675853175213546], [-0.040388108893219796, 0.913521415195312, 0.40478071179292097, -0.16677340770705867], [-0.07711005963604763, 0.4010534429516063, -0.9128034698660976, -3.7490085131455655], [0.0, 0.0, 0.0, 1.0]]}, {"file_path": "rgb/16_21_04_543", "transform_matrix": [[-0.44703738058984405, 0.24962567203279437, -0.8589788147664336, -3.2835152990672385], [-0.11595141353493799, 0.9360003424872642, 0.33235316842625967, -0.359191753267928], [0.8869683478313197, 0.24817409761274403, -0.3894826918098922, -2.478963200255766], [0.0, 0.0, 0.0, 1.0]]}, {"file_path": "rgb/16_32_25_077", "transform_matrix": [[0.6474917005450767, -0.08085486035870651, 0.757771066537657, 3.5877154422909503], [0.059440751584162184, 0.9966846187417209, 0.05555688809482142, -1.5358548554391354], [-0.759750810974463, 0.009069857774222402, 0.6501510923651519, 2.4298655562645113], [0.0, 0.0, 0.0, 1.0]]}, {"file_path": "rgb/16_30_24_195", "transform_matrix": [[-0.10651765975429676, -0.6879695707357721, 0.7178801138784289, 3.719362565319834], [0.07538900443666195, 0.7143214161976384, 0.6957452208757523, 0.9818352437790578], [-0.9914486805531172, 0.12822941980309388, -0.02422250454526002, -0.5142756756139472], [0.0, 0.0, 0.0, 1.0]]}, {"file_path": "rgb/16_30_42_333", "transform_matrix": [[0.08553991215166092, -0.33746565466104717, 0.9374432544710516, 4.245977114925016], [0.07255576296859177, 0.9405035949257459, 0.3319467565616417, -0.38195725277722953], [-0.9936893803846006, 0.039622214172595226, 0.10493567293789728, 0.0914917001806722], [0.0, 0.0, 0.0, 1.0]]}, {"file_path": "rgb/16_29_34_082", "transform_matrix": [[-0.27694738516953105, -0.5774609633373529, 0.7680097536289863, 3.9519219417327727], [0.06367452419364113, 0.7864872561889849, 0.6143153512822511, 0.738191486393759], [-0.9587730184024126, 0.2190356858455226, -0.18104603698979085, -1.5990066227770388], [0.0, 0.0, 0.0, 1.0]]}, {"file_path": "rgb/16_33_19_529", "transform_matrix": [[0.786789175797068, -0.36430724967024186, 0.49823992281457546, 1.9854982956603797], [0.06077829888726162, 0.8490357725577896, 0.524827833962308, 0.3246139430219136], [-0.6142221025272052, -0.3826466839721744, 0.6901541306202242, 2.337276910761262], [0.0, 0.0, 0.0, 1.0]]}, {"file_path": "rgb/16_23_15_521", "transform_matrix": [[-0.8882230433034821, 0.23015664477540704, -0.3976024952266118, -0.6478610101584993], [-0.0805183821065256, 0.7740733368071755, 0.6279548227278398, 0.7672192892828039], [0.4523014652724976, 0.5897782533375846, -0.6690179342905687, -3.4589444644483005], [0.0, 0.0, 0.0, 1.0]]}, {"file_path": "rgb/16_35_03_069", "transform_matrix": [[0.9962291529870578, -0.02803171066518233, 0.0821078433273785, -0.02114895729125457], [0.008585045021001053, 0.9735729084521563, 0.22821500592642133, -0.776030017829415], [-0.08633522885055223, -0.22664954252147226, 0.9701423674565142, 3.1305916857847653], [0.0, 0.0, 0.0, 1.0]]}, {"file_path": "rgb/16_13_04_119", "transform_matrix": [[0.868866443111649, 0.27639002068498164, -0.410706294692773, -1.9315590430951344], [-0.042876114927841276, 0.8685285586546342, 0.49378110693909505, 0.22346895483351856], [0.49318631652064937, -0.41142034376906916, 0.7664858497909367, 2.3576281886705086], [0.0, 0.0, 0.0, 1.0]]}, {"file_path": "rgb/16_32_01_936", "transform_matrix": [[0.48171088768686116, -0.38621180167411595, 0.786635280756952, 3.4595381644777685], [0.07194523987765541, 0.9120461163879031, 0.4037273387333214, -0.06559209313820728], [-0.8733719157053781, -0.1378851907543964, 0.4671286450515969, 1.4973405041000478], [0.0, 0.0, 0.0, 1.0]]}, {"file_path": "rgb/16_31_25_307", "transform_matrix": [[0.2975855765696553, -0.42205412125579145, 0.856337050085249, 3.89955568568698], [0.07485613479166474, 0.9045280522454251, 0.4197922840943475, 0.013041241092619981], [-0.951755947552605, -0.060822047253431044, 0.3007678421409834, 0.8544424949083055], [0.0, 0.0, 0.0, 1.0]]}, {"file_path": "rgb/16_30_49_670", "transform_matrix": [[0.08530884951581029, -0.4455342745720103, 0.8911911188829706, 4.159266830351074], [0.07527201980860597, 0.8947775513814413, 0.44012186559834177, 0.07583740990917778], [-0.9935071832796286, 0.029535465552866163, 0.10986870822192184, 0.13305252303957446], [0.0, 0.0, 0.0, 1.0]]}]}