{"camera_angle_x": 0.5870227852179017, "w": 1079.0, "h": 1439.0, "frames": [{"file_path": "rgb/11_30_54_942", "transform_matrix": [[1.0000000000000002, -7.334492126223807e-17, -1.3673169103935466e-16, 0.05136831215996862], [-7.334492126223807e-17, 1.0000000000000002, 4.7073492470899667e-17, -1.6460106143061355], [-1.3673169103935466e-16, 4.7073492470899667e-17, 1.0, 4.024170103975694], [0.0, 0.0, 0.0, 1.0]]}, {"file_path": "rgb/11_35_22_636", "transform_matrix": [[0.7398543985161918, 0.0802072707656054, -0.6679687587848532, -2.8961180403178943], [-0.09075329022535805, 0.9956913960414511, 0.01903901684169768, -1.5004218313880688], [0.6666178135254984, 0.04653426227372012, 0.7439457326479699, 2.49175480188119], [0.0, 0.0, 0.0, 1.0]]}, {"file_path": "rgb/11_47_39_416", "transform_matrix": [[-0.9659514342547015, 0.16219266163170407, -0.2015722381036352, -0.5074502386830037], [-0.05139754439083432, 0.6432769487523025, 0.7639064469125262, 1.2416090163348548], [0.2535667941428397, 0.7482568460874591, -0.6130379867441914, -3.082052279003811], [0.0, 0.0, 0.0, 1.0]]}, {"file_path": "rgb/11_43_48_199", "transform_matrix": [[-0.7855112730441255, 0.25338539753644973, -0.5645953243128153, -2.1572785855284526], [-0.09866519720982557, 0.849385763562221, 0.5184679387554926, 0.4288851740575685], [0.6109314354165646, 0.46296831962145996, -0.6422017722232926, -2.9418969559374384], [0.0, 0.0, 0.0, 1.0]]}, {"file_path": "rgb/11_40_34_686", "transform_matrix": [[-0.2620803111285859, 0.41712785573155126, -0.8702403475428739, -3.634441690117031], [-0.1343989719693141, 0.877196421671717, 0.46093747313483513, 0.1812555540201259], [0.9556415786540134, 0.23776204444598248, -0.17383435612252102, -1.209355149607134], [0.0, 0.0, 0.0, 1.0]]}, {"file_path": "rgb/11_39_38_438", "transform_matrix": [[-0.0031583315798648097, 0.6797746761992531, -0.733414217574102, -2.4813415424735714], [-0.13112413664934852, 0.726803930368553, 0.674212509220043, 0.8261033465718164], [0.9913609260655752, 0.09829769274517122, 0.08683937972706497, -0.33421956278938947], [0.0, 0.0, 0.0, 1.0]]}, {"file_path": "rgb/11_35_59_515", "transform_matrix": [[0.7373164637367119, 0.45858362480991327, -0.4960498879739724, -2.1128706818828387], [-0.08394291285831454, 0.7907956707449901, 0.6062967874827002, 0.5534570057425254], [0.670311882397777, -0.4053927308020975, 0.621561512747666, 1.8901324644632216], [0.0, 0.0, 0.0, 1.0]]}, {"file_path": "rgb/12_01_09_436", "transform_matrix": [[0.5258320682276524, -0.5797404382304658, 0.6224159865425829, 3.3996491487156724], [0.10730597636194796, 0.7711145323623089, 0.6275888824833235, 0.7075698799111612], [-0.8437926661570593, -0.26321740493365, 0.46768636315329565, 1.0809693044532376], [0.0, 0.0, 0.0, 1.0]]}, {"file_path": "rgb/12_06_35_232", "transform_matrix": [[0.9868351470544048, 0.09094248243023781, -0.13373801788398612, -0.5730699609133769], [-0.01626824290694409, 0.8785485500492032, 0.47737594145407414, 0.21828443316578675], [0.1609090948667356, -0.4689156748242363, 0.8684620619769748, 2.3356432630123938], [0.0, 0.0, 0.0, 1.0]]}, {"file_path": "rgb/11_47_15_528", "transform_matrix": [[-0.965357143384081, 0.062448180742824905, -0.25334918677437673, -0.6247901145366526], [-0.05808625977192398, 0.8951444878062662, 0.4419754884332008, 0.14552789795603452], [0.2543846932168584, 0.4413803016356407, -0.8605067444157513, -3.7507309019448822], [0.0, 0.0, 0.0, 1.0]]}, {"file_path": "rgb/11_34_45_196", "transform_matrix": [[0.7643414120175882, 0.21769663848566326, -0.6069517109844916, -2.5859678980369267], [-0.08717611706998525, 0.9675305989237927, 0.23724431449197525, -0.6136151256561984], [0.6388916422113842, -0.12842396091932914, 0.7585016517940032, 1.99149775413901], [0.0, 0.0, 0.0, 1.0]]}, {"file_path": "rgb/11_55_36_735", "transform_matrix": [[-0.36813551717095677, -0.6403679427491206, 0.6740957935609229, 3.3462149959467387], [0.1151641202550254, 0.6880235741225177, 0.7164920005537835, 1.014453108930955], [-0.9226123055775687, 0.3413978022057775, -0.1795385035191802, -1.2739457234444311], [0.0, 0.0, 0.0, 1.0]]}, {"file_path": "rgb/11_58_47_137", "transform_matrix": [[0.09175760602810606, -0.5905177432601361, 0.8017913298551855, 4.024998426552597], [0.12398969604140311, 0.8056972897321271, 0.5792050004910744, 0.5659573204076713], [-0.988031931170016, 0.04626739903280794, 0.14714696998303284, -0.057680934426806794], [0.0, 0.0, 0.0, 1.0]]}, {"file_path": "rgb/11_33_09_293", "transform_matrix": [[0.9712600005077859, 0.10130546060888325, -0.21538619980035328, -0.9233199115896721], [-0.02532216978979606, 0.9437469444801312, 0.32969757733649324, -0.34481036514715546], [0.2366702328784766, -0.3147680232095347, 0.9191889318491653, 3.179455893697839], [0.0, 0.0, 0.0, 1.0]]}, {"file_path": "rgb/11_36_12_512", "transform_matrix": [[0.5725658126760779, 0.09364199973988047, -0.8144934413727952, -3.485672329471662], [-0.11209331895039674, 0.9930678494181876, 0.035374203858471134, -1.4142337483628737], [0.8121597613778136, 0.07104521332681225, 0.5790933427886049, 1.7798396561259437], [0.0, 0.0, 0.0, 1.0]]}, {"file_path": "rgb/11_35_01_301", "transform_matrix": [[0.7633543729756269, 0.3784357706639556, -0.5235231310467241, -2.400857922207865], [-0.08413159699966208, 0.8617721703792541, 0.500270527560955, 0.26865803822645595], [0.6404779275238716, -0.33783885780325457, 0.6896759605154573, 1.8827333568979419], [0.0, 0.0, 0.0, 1.0]]}, {"file_path": "rgb/11_48_42_214", "transform_matrix": [[-0.9848442808265852, -0.0412865635633985, 0.16845522310777863, 1.1024988955070496], [0.00024169231573361775, 0.9709267378899283, 0.2393767140622647, -0.555855157994143], [-0.1734407221732846, 0.23578950214025235, -0.9562016662673523, -4.379130580820575], [0.0, 0.0, 0.0, 1.0]]}, {"file_path": "rgb/11_39_30_646", "transform_matrix": [[-0.0025952692265115806, 0.5812749190924243, -0.8137030988092265, -2.7099102653966254], [-0.13297425203510257, 0.8062790677534767, 0.5763956221192956, 0.535549639656084], [0.9911160945486392, 0.10969746276318425, 0.07520208634055899, -0.3728917120530962], [0.0, 0.0, 0.0, 1.0]]}, {"file_path": "rgb/11_43_27_795", "transform_matrix": [[-0.7824700601251624, 0.04759911660026196, -0.6208662731269914, -2.5713073197950833], [-0.10404381816936999, 0.9730631227062172, 0.2057256501507876, -0.7088400264113149], [0.6139344337211134, 0.225571459471494, -0.7564403662969318, -3.6590679637747905], [0.0, 0.0, 0.0, 1.0]]}, {"file_path": "rgb/11_55_13_126", "transform_matrix": [[-0.370089373488495, -0.32177607070628655, 0.8714895386358439, 3.8189483487443234], [0.1073043826688973, 0.9170128286259962, 0.3841526279949111, -0.08858916210722213], [-0.9227782101301155, 0.23568545236431712, -0.3048487206023462, -1.6073600658066232], [0.0, 0.0, 0.0, 1.0]]}, {"file_path": "rgb/11_32_26_743", "transform_matrix": [[0.999976129279516, -0.004865214505455632, -0.004906175595405049, 0.03499129953424123], [0.0066300821762154015, 0.8755251319859869, 0.48312709018565414, 0.10115524432177027], [0.001944963108563529, -0.4831480859412946, 0.8755364893422601, 3.3056793524247237], [0.0, 0.0, 0.0, 1.0]]}, {"file_path": "rgb/11_45_35_106", "transform_matrix": [[-0.9029662772173024, 0.27946677612521065, -0.32642031684701744, -1.3611901937935127], [-0.07131495709766093, 0.6516321852801412, 0.7551752591294199, 1.2219601703559304], [0.4237523794652778, 0.7051764432744538, -0.5684717273077935, -2.8985479829196237], [0.0, 0.0, 0.0, 1.0]]}, {"file_path": "rgb/11_47_31_578", "transform_matrix": [[-0.9657909197663429, 0.13429498848772903, -0.22183948107575893, -0.5662272407478569], [-0.05363287008967837, 0.7335221401062864, 0.6775461498819377, 0.9740055110547191], [0.2537152233170587, 0.6662658073479187, -0.7012263966909692, -3.3569421822259864], [0.0, 0.0, 0.0, 1.0]]}, {"file_path": "rgb/11_54_13_041", "transform_matrix": [[-0.4596875141670649, -0.6060467608961156, 0.6491492223874495, 3.0003213997695224], [0.11423444513827193, 0.684533437389239, 0.7199753222437726, 1.1818860748960494], [-0.8807030605504077, 0.40511886737524244, -0.24544005873888053, -2.5212745102226113], [0.0, 0.0, 0.0, 1.0]]}, {"file_path": "rgb/11_41_03_503", "transform_matrix": [[-0.49397252781425743, 0.08225644896070901, -0.8655778522866485, -4.025876384532387], [-0.12762650936924388, 0.9778723272624817, 0.16576243748352748, -0.8771371800445167], [0.8600596583208721, 0.19235277013506288, -0.4725439619234939, -2.325092990578136], [0.0, 0.0, 0.0, 1.0]]}, {"file_path": "rgb/12_03_19_914", "transform_matrix": [[0.8941733541972294, -0.04621448372056295, 0.445329354678218, 2.185474853961944], [0.04375289346199501, 0.9989172383026546, 0.015812505668012265, -1.514848128135177], [-0.44557793589604466, 0.005345326579305906, 0.8952271949211444, 3.190278000758195], [0.0, 0.0, 0.0, 1.0]]}, {"file_path": "rgb/11_42_42_511", "transform_matrix": [[-0.6658160643216722, 0.4978787073015527, -0.5557029434031582, -2.543749257760638], [-0.10883407225634054, 0.672019937561288, 0.7324918758841115, 1.0770069898840853], [0.7381355656024849, 0.5481842722441581, -0.39325550276740207, -2.0005659255154495], [0.0, 0.0, 0.0, 1.0]]}, {"file_path": "rgb/11_54_05_198", "transform_matrix": [[-0.457257951681216, -0.5283491750238092, 0.7153756459902438, 3.171213540523223], [0.10815439799326719, 0.7653874806700586, 0.6344167641450335, 0.8981192629197302], [-0.8827331373744909, 0.3674631324163027, -0.29283622469869774, -2.666594394853946], [0.0, 0.0, 0.0, 1.0]]}, {"file_path": "rgb/12_06_43_884", "transform_matrix": [[0.9866990680262143, 0.10636052543376914, -0.12293245212576198, -0.5405453958691606], [-0.014801316928260965, 0.8118812681886883, 0.5836349264578982, 0.5328313547937547], [0.1618822725729699, -0.5740524758188744, 0.8026567665153216, 2.1555217991843563], [0.0, 0.0, 0.0, 1.0]]}, {"file_path": "rgb/11_57_16_398", "transform_matrix": [[0.008358991910811388, -0.12708749673358744, 0.9918562876890106, 4.3197687013770585], [0.11193604699402387, 0.9857757997440921, 0.12536504306323737, -1.1031110466809084], [-0.9936802547286457, 0.10997654664921105, 0.022465763942658076, 0.1840098784057526], [0.0, 0.0, 0.0, 1.0]]}, {"file_path": "rgb/11_56_15_341", "transform_matrix": [[-0.09935985508551728, -0.34001656133638364, 0.9351557930175948, 3.7713939630096047], [0.12193212659770172, 0.9285633290347398, 0.35057481437673715, -0.14559532148318136], [-0.9875526192060587, 0.14885859729590029, -0.05080297540843409, -1.1170974821604063], [0.0, 0.0, 0.0, 1.0]]}, {"file_path": "rgb/11_50_47_801", "transform_matrix": [[-0.9027641053638104, -0.20005297713461895, 0.3807831094025238, 1.8958576786864458], [0.041311323529290574, 0.8408445586068363, 0.539697881049697, 0.7484741337784627], [-0.4281475734077409, 0.5029505289795908, -0.7508198324393225, -4.790459491991629], [0.0, 0.0, 0.0, 1.0]]}, {"file_path": "rgb/11_47_23_497", "transform_matrix": [[-0.9658353363479775, 0.09271692702831962, -0.24200345969430856, -0.6181760152404229], [-0.05582785067244468, 0.8374501870796647, 0.5436547022233231, 0.5416067389725936], [0.2530718359495677, 0.5385914551890517, -0.8036627963558195, -3.640496388333306], [0.0, 0.0, 0.0, 1.0]]}, {"file_path": "rgb/11_37_52_174", "transform_matrix": [[0.17219070532277259, 0.1059403513558657, -0.9793502963470435, -3.729572744205564], [-0.13995065931194683, 0.9867460706909466, 0.08213406683057113, -1.2747587392608326], [0.9750713686487761, 0.12291799677253548, 0.1847349239067412, 0.4805269840523225], [0.0, 0.0, 0.0, 1.0]]}, {"file_path": "rgb/11_37_01_376", "transform_matrix": [[0.366769729511317, 0.10359204719951501, -0.9245261777100793, -3.817863227934453], [-0.13124322086875664, 0.9896037726523477, 0.05881828056170513, -1.345138346477507], [0.9210076994738915, 0.09976502848821395, 0.3765524619499331, 1.1086869489638742], [0.0, 0.0, 0.0, 1.0]]}, {"file_path": "rgb/11_35_35_233", "transform_matrix": [[0.7388234545439891, 0.22527419530864842, -0.6351310415526289, -2.4520306890850354], [-0.08892213117546637, 0.9668203681544695, 0.23948116900681196, -0.6353735541157736], [0.6680065550598281, -0.12045709879329221, 0.7343414258690598, 2.1204224295069904], [0.0, 0.0, 0.0, 1.0]]}, {"file_path": "rgb/11_32_48_356", "transform_matrix": [[0.9722735640251624, 0.028273688299964975, -0.23213081494649762, -1.0685046250236983], [-0.02960489630817626, 0.9995591413912298, -0.0022523267545934674, -1.6257963923004275], [0.23196479649375834, 0.009062086467461494, 0.9726819684647524, 3.712989878903088], [0.0, 0.0, 0.0, 1.0]]}, {"file_path": "rgb/12_04_10_547", "transform_matrix": [[0.9816048535470452, -0.021630195490785487, 0.18969461282786676, 1.3708465598317088], [0.022004296210481795, 0.9997578671713366, 0.00013407946009535494, -1.531673719925415], [-0.18965158169961363, 0.004042483401406458, 0.9818431320158959, 3.2595768669627745], [0.0, 0.0, 0.0, 1.0]]}, {"file_path": "rgb/11_32_34_757", "transform_matrix": [[0.9999585052745312, -0.004995654583847211, -0.007617818874465009, 0.028250469175411713], [0.008523448871729452, 0.8082216548896246, 0.5888167010087333, 0.4157793422498733], [0.003215361325929352, -0.588857198311064, 0.8082306981603631, 3.124039857885821], [0.0, 0.0, 0.0, 1.0]]}, {"file_path": "rgb/11_34_07_159", "transform_matrix": [[0.893322127219318, 0.2589878076484143, -0.36728856844424185, -1.7210377451474232], [-0.05178783731544569, 0.8711336257828047, 0.4883075116529474, 0.19226322782021923], [0.4464231142386573, -0.4171948244165695, 0.7916153621257527, 2.460755638042938], [0.0, 0.0, 0.0, 1.0]]}, {"file_path": "rgb/11_41_54_439", "transform_matrix": [[-0.6774780336816466, 0.06022307720906081, -0.7330734580178995, -3.4421043673857077], [-0.118373463955168, 0.9747247649713973, 0.1894712526551429, -0.8117943500107571], [0.7259553959508145, 0.21513905624717683, -0.6532258028943512, -2.910317680715736], [0.0, 0.0, 0.0, 1.0]]}, {"file_path": "rgb/11_56_31_044", "transform_matrix": [[-0.09772128451040729, -0.5892537559876122, 0.8020165594351079, 3.4775682745167016], [0.12599023182163088, 0.7920650336387606, 0.5972934320519193, 0.6866542414635035], [-0.9872066713911366, 0.15941453365775934, -0.0031613951843127114, -0.9803137418327045], [0.0, 0.0, 0.0, 1.0]]}, {"file_path": "rgb/11_33_17_323", "transform_matrix": [[0.9711355756713138, 0.1337933718121195, -0.19747158611985202, -0.8788093800003852], [-0.02254026730547392, 0.8756453746769072, 0.4824283513193816, 0.1344998776457092], [0.23746079679674273, -0.46405227234233304, 0.8533861133851273, 3.0181347094810724], [0.0, 0.0, 0.0, 1.0]]}, {"file_path": "rgb/11_50_27_220", "transform_matrix": [[-0.9040704049266428, -0.06834962046351464, 0.4218827234176215, 2.2098988942501276], [0.03696606965807416, 0.9709240252116595, 0.23651648348650686, -0.36194723307660437], [-0.42578188386756205, 0.22942289913886568, -0.8752570597949538, -5.5477821442807596], [0.0, 0.0, 0.0, 1.0]]}, {"file_path": "rgb/11_42_19_212", "transform_matrix": [[-0.6641473932679937, 0.22833663763057144, -0.7118782339212893, -2.9121160718537946], [-0.11520012908567302, 0.9095856617943856, 0.3992278223229366, -0.04017124794988375], [0.7386725731161088, 0.3471545819568494, -0.5777945361046535, -2.4955505245547336], [0.0, 0.0, 0.0, 1.0]]}, {"file_path": "rgb/11_39_51_890", "transform_matrix": [[-0.22083898195267396, 0.0986642515145634, -0.9703069151166437, -3.522047354628854], [-0.14155802035163922, 0.9810926689724053, 0.13197917170041512, -0.9969850424184923], [0.9649826272655023, 0.16650087195469496, -0.20269679009321961, -1.5780950312131072], [0.0, 0.0, 0.0, 1.0]]}, {"file_path": "rgb/12_02_35_895", "transform_matrix": [[0.7643210278495739, -0.2811552455515606, 0.5803146511038753, 2.398317040354054], [0.07119850436895526, 0.9312345786769802, 0.35739744326440137, -0.21754697382029425], [-0.6408932355412988, -0.23184884596466895, 0.7317800033222118, 2.463700220901395], [0.0, 0.0, 0.0, 1.0]]}, {"file_path": "rgb/11_38_20_825", "transform_matrix": [[0.16755780966131226, 0.5742851932964188, -0.8013244643600982, -2.798896821107597], [-0.1318528419652682, 0.8185676495377432, 0.5590722951425302, 0.4154972468944143], [0.9770052243909373, 0.01197997874577024, 0.21287853725085903, 0.5466300881283088], [0.0, 0.0, 0.0, 1.0]]}, {"file_path": "rgb/11_45_11_230", "transform_matrix": [[-0.9019037990049623, 0.11958036110454326, -0.4150543031683003, -1.5581887779045251], [-0.07761776039203315, 0.9004039404770434, 0.4280750252527445, 0.11469000874673489], [0.4249058961842508, 0.41829807698759486, -0.8027961747394781, -3.507573631650428], [0.0, 0.0, 0.0, 1.0]]}, {"file_path": "rgb/11_57_04_275", "transform_matrix": [[0.04807597276995634, -0.12862336183162731, 0.9905275017046988, 4.3713658940975355], [0.11593287338025333, 0.9856903941816408, 0.122368360648656, -1.0742679322298976], [-0.9920928735315155, 0.10895172146034049, 0.062299700471252294, -0.0030795279736850582], [0.0, 0.0, 0.0, 1.0]]}, {"file_path": "rgb/11_41_16_183", "transform_matrix": [[-0.49709565233270425, 0.2732079743490763, -0.8235613609100404, -3.469246547711165], [-0.12500569808587939, 0.9166857052796454, 0.3795535445520448, -0.10535665898716687], [0.858643982030961, 0.2916242796614053, -0.42152792509391485, -1.8933054622177], [0.0, 0.0, 0.0, 1.0]]}, {"file_path": "rgb/11_38_45_337", "transform_matrix": [[-0.05735677378348206, 0.10292786841976231, -0.993033762972697, -3.642638858908717], [-0.14217076148824476, 0.9836919085823919, 0.11017124655455247, -1.1694362603542223], [0.988178969154375, 0.14749943353143935, -0.04178806084160226, -0.325057863654182], [0.0, 0.0, 0.0, 1.0]]}, {"file_path": "rgb/11_40_13_703", "transform_matrix": [[-0.2590658272659161, 0.09765381517153651, -0.9609103129457349, -4.304742018404765], [-0.1386963372682813, 0.9808035019997873, 0.13706865613011784, -1.023386905389053], [0.9558494772564294, 0.1687845456414676, -0.2405484441463166, -1.5698844280150637], [0.0, 0.0, 0.0, 1.0]]}, {"file_path": "rgb/12_02_00_581", "transform_matrix": [[0.5765182023773021, -0.5557349679024036, 0.5989869846483795, 2.510646011822553], [0.09967295884016956, 0.7754364250608601, 0.6235091434492999, 0.5912509342550204], [-0.8109821598553753, -0.29976156548054633, 0.5024449624157478, 2.0957778254057344], [0.0, 0.0, 0.0, 1.0]]}, {"file_path": "rgb/11_58_55_060", "transform_matrix": [[0.09092249507401398, -0.6840858748246684, 0.7237123846908271, 3.8080680316806186], [0.12673114348341263, 0.72876218937604, 0.6729375072079337, 0.8550280736941889], [-0.9877612652665126, 0.03053174088074342, 0.15295586173105163, -0.03810729626850069], [0.0, 0.0, 0.0, 1.0]]}, {"file_path": "rgb/11_43_56_006", "transform_matrix": [[-0.7857895405485275, 0.34659780714545396, -0.5122545832362042, -2.019841081862935], [-0.09644672153905291, 0.7494299633635992, 0.6550211904337163, 0.866869652256123], [0.6109278417856754, 0.5641140754269451, -0.5554660043929781, -2.70027440111813], [0.0, 0.0, 0.0, 1.0]]}, {"file_path": "rgb/11_58_31_335", "transform_matrix": [[0.026079311251346715, -0.344780896611284, 0.9383208421731738, 4.31582687988987], [0.11589637474764704, 0.9333533800708417, 0.3397344525223897, -0.30412731900542145], [-0.9929188787836636, 0.09988794342789283, 0.06430006930585493, 0.16373431789430945], [0.0, 0.0, 0.0, 1.0]]}, {"file_path": "rgb/11_52_44_196", "transform_matrix": [[-0.6673389890986359, -0.10681989943402642, 0.7370537176581603, 3.6859858269581665], [0.07671630950804914, 0.9745363060733582, 0.21069787849040902, -0.5544407279924399], [-0.7407923335755274, 0.19715095036493854, -0.6421512448683142, -3.978544115343404], [0.0, 0.0, 0.0, 1.0]]}, {"file_path": "rgb/11_37_13_666", "transform_matrix": [[0.36241614256681615, 0.30696410360556686, -0.8800156695790253, -3.2107996650652324], [-0.12738029494331463, 0.9516597803196308, 0.279495837146363, -0.49954729867278497], [0.9232707079005287, 0.01080285238364688, 0.3839980446737116, 0.9796348672483863], [0.0, 0.0, 0.0, 1.0]]}, {"file_path": "rgb/11_36_48_300", "transform_matrix": [[0.5693041276178998, 0.5583564429190819, -0.6034325918675362, -2.533189037760418], [-0.10523456269596862, 0.7774437274357063, 0.6200862339103036, 0.6302907559132515], [0.8153640273469331, -0.2895156875224992, 0.5013603191188593, 1.3840509066724818], [0.0, 0.0, 0.0, 1.0]]}, {"file_path": "rgb/11_48_55_397", "transform_matrix": [[-0.9840058282279126, -0.0762867982302594, 0.16097470120884128, 1.1327679407603652], [0.003880795806864458, 0.8942655543913862, 0.44751989637665507, 0.305548010105956], [-0.17809399045842456, 0.4409868962280427, -0.879666464017898, -4.621951554281857], [0.0, 0.0, 0.0, 1.0]]}, {"file_path": "rgb/12_04_31_760", "transform_matrix": [[0.9821224112349596, -0.08649347659986238, 0.1671958368372206, 1.2198639825691429], [0.02666646440329359, 0.9431583664292847, 0.33127208682693327, -0.271702740997463], [-0.1863450268353235, -0.3208912188579057, 0.9286034442288217, 2.7139009500648252], [0.0, 0.0, 0.0, 1.0]]}, {"file_path": "rgb/11_33_25_076", "transform_matrix": [[0.9709007439402103, 0.15685407556029318, -0.1809655889844043, -0.830423671268822], [-0.020932570017333525, 0.808344889906918, 0.5883369497777973, 0.45236623109922247], [0.23856565747989777, -0.5674287073646334, 0.7881060138900639, 2.840574266337185], [0.0, 0.0, 0.0, 1.0]]}, {"file_path": "rgb/11_39_14_932", "transform_matrix": [[-0.001557002396118496, 0.3250903677696294, -0.9456816739933929, -3.005192071624265], [-0.13741377866917, 0.9366422434092669, 0.3222091887161449, -0.32163449905234487], [0.9905125083386879, 0.13045137272050059, 0.043213541626880965, -0.4873603838963867], [0.0, 0.0, 0.0, 1.0]]}, {"file_path": "rgb/12_00_32_777", "transform_matrix": [[0.5206944753819608, -0.10403429473453624, 0.8473807460792299, 4.3791727951336465], [0.09814013261448246, 0.9932618312903592, 0.06163966963031373, -1.2440395995337705], [-0.848083591208506, 0.051066623354301205, 0.5273958876423606, 1.4228228720798923], [0.0, 0.0, 0.0, 1.0]]}, {"file_path": "rgb/11_48_29_179", "transform_matrix": [[-0.9985536438054953, 0.021439308277396617, -0.04930493386421725, 0.16618778880632407], [-0.024160902938773317, 0.6403009989096647, 0.7677440208588204, 1.2751296780513834], [0.048029899145753556, 0.7678248412599532, -0.6388569025471793, -3.1849910549820946], [0.0, 0.0, 0.0, 1.0]]}, {"file_path": "rgb/11_38_12_871", "transform_matrix": [[0.16808845270191416, 0.43030340085598984, -0.8868964174468436, -3.026250702263782], [-0.1342284340725104, 0.9013085528827702, 0.411856309878589, -0.04379352437158926], [0.976590497370683, 0.04981842743539709, 0.2092585117340417, 0.5289198889190823], [0.0, 0.0, 0.0, 1.0]]}, {"file_path": "rgb/11_46_40_811", "transform_matrix": [[-0.8821003269548074, 0.2576144034568377, -0.3943777786815579, -1.2680275700174235], [-0.07990276563354275, 0.7432520875804782, 0.6642227656075727, 0.9793555975110974], [0.4642354588248655, 0.617422993934336, -0.6350388061613461, -3.2891383632085094], [0.0, 0.0, 0.0, 1.0]]}, {"file_path": "rgb/11_36_32_699", "transform_matrix": [[0.5698898335400155, 0.3593824276053306, -0.7389653904996045, -2.8977369205897494], [-0.10821567706055511, 0.9242811602909851, 0.36605150453109214, -0.15508991407940148], [0.8145642668728226, -0.1286413909270641, 0.5656292493093787, 1.5405684834278586], [0.0, 0.0, 0.0, 1.0]]}, {"file_path": "rgb/11_38_57_061", "transform_matrix": [[0.00013464371593421514, 0.10647942269028543, -0.9943148970092992, -3.6589616533089107], [-0.14129198853340502, 0.9843419307051191, 0.10539230252724875, -1.1295616052019557], [0.9899679569800964, 0.14047453861558842, 0.015177224825099369, -0.6044805087908159], [0.0, 0.0, 0.0, 1.0]]}, {"file_path": "rgb/11_46_32_581", "transform_matrix": [[-0.8822319669452706, 0.18525356457268405, -0.4328370054801159, -1.3671687052090242], [-0.08218117648741635, 0.8446293301002655, 0.5290061899122929, 0.5418957545033787], [0.4635871123435418, 0.5022772257901917, -0.7299346393489525, -3.5502059519434255], [0.0, 0.0, 0.0, 1.0]]}, {"file_path": "rgb/12_05_50_321", "transform_matrix": [[0.9971303001775798, -0.05474668628998834, 0.05228732932590433, -0.045674166165497763], [0.013767526085352626, 0.8102960199390152, 0.58585904046663, 0.5154895708833351], [-0.07444205594460103, -0.5834579337118115, 0.8087244400260722, 2.269175861919055], [0.0, 0.0, 0.0, 1.0]]}, {"file_path": "rgb/12_04_39_730", "transform_matrix": [[0.9823504789812817, -0.11409123945662139, 0.14822525265452638, 1.1702755943981433], [0.02876258647920696, 0.875150535667193, 0.48299508645580586, 0.19445994676604056], [-0.18482491732521458, -0.4702071128775883, 0.8629861070347833, 2.5528037505964547], [0.0, 0.0, 0.0, 1.0]]}, {"file_path": "rgb/11_57_53_334", "transform_matrix": [[0.05902757752698196, -0.6822208927746265, 0.7287594929420044, 3.221515085871568], [0.12740787466775186, 0.7292106935357108, 0.6723235812507354, 0.8267829963248166], [-0.9900924091032826, 0.05316406582419353, 0.129963854748535, 0.1389968912820618], [0.0, 0.0, 0.0, 1.0]]}, {"file_path": "rgb/11_34_15_362", "transform_matrix": [[0.8927822230458518, 0.3023889036622825, -0.33391743463801093, -1.62545341144193], [-0.04989011438834867, 0.8030424444104363, 0.5938297811339787, 0.5091839874148016], [0.44771740942208715, -0.5135014931012705, 0.7320282357144028, 2.2979323577263506], [0.0, 0.0, 0.0, 1.0]]}, {"file_path": "rgb/11_33_50_810", "transform_matrix": [[0.8939297221074347, 0.147699898741687, -0.4231718230750013, -1.8433355279328834], [-0.055123242810477584, 0.9732052003954782, 0.22323320995150892, -0.6938175789550454], [0.4448045413830458, -0.17622819818318713, 0.8781187517244611, 2.614120856423456], [0.0, 0.0, 0.0, 1.0]]}, {"file_path": "rgb/11_41_24_102", "transform_matrix": [[-0.49838679525429214, 0.36752434380244725, -0.7851983564862685, -3.424098169895166], [-0.12408690130013844, 0.8661316379553218, 0.4841677670586521, 0.29103752182317894], [0.8580285795018057, 0.3387356527521307, -0.38606361433409087, -1.8082271089655715], [0.0, 0.0, 0.0, 1.0]]}, {"file_path": "rgb/11_48_21_244", "transform_matrix": [[-0.9984797153522124, 0.013735570842578489, -0.0533815710127837, 0.1594488107799364], [-0.02633824384586487, 0.7318493348982386, 0.6809573025675851, 1.0064701268600265], [0.04842060451171717, 0.6813280304689028, -0.7303749447756852, -3.4486667681514978], [0.0, 0.0, 0.0, 1.0]]}, {"file_path": "rgb/11_44_04_171", "transform_matrix": [[-0.786019498526298, 0.41003405395428355, -0.4626504323290775, -1.8843047290212798], [-0.0941591200591925, 0.6602429981099518, 0.7451263272469045, 1.142798457396503], [0.61098887718693, 0.6292465796844652, -0.4803554245652446, -2.4849601390141114], [0.0, 0.0, 0.0, 1.0]]}, {"file_path": "rgb/11_48_05_441", "transform_matrix": [[-0.9982450872586872, -0.005313748679158615, -0.058978893164172944, 0.1578058463343218], [-0.03114794591183851, 0.8941754127624856, 0.44663199244625534, 0.1736083174158033], [0.05036418597941788, 0.44768526364625105, -0.8927717252941075, -3.842416644567638], [0.0, 0.0, 0.0, 1.0]]}, {"file_path": "rgb/12_02_51_983", "transform_matrix": [[0.7648110898069066, -0.43966002386532466, 0.47091725422107233, 2.1090909110744254], [0.07872277244901867, 0.789247491328195, 0.6090083107233353, 0.549757086968565], [-0.639426869943946, -0.4287043979794149, 0.6382364899837641, 2.2261528846604035], [0.0, 0.0, 0.0, 1.0]]}, {"file_path": "rgb/12_03_57_109", "transform_matrix": [[0.8965975539038834, -0.302451212149892, 0.3234750231511452, 1.671263343405629], [0.05397523023917573, 0.7996343801162895, 0.598056462766406, 0.5066190710716432], [-0.4395446517183448, -0.5187563227615626, 0.7332751030416216, 2.4023305396351002], [0.0, 0.0, 0.0, 1.0]]}, {"file_path": "rgb/11_59_54_764", "transform_matrix": [[0.28639952446948824, -0.32865394715985197, 0.8999788305287523, 4.003684252052031], [0.11817315204828199, 0.9442718430374006, 0.30722270844083827, -0.38862353264490146], [-0.9507946247842511, 0.0183648975766251, 0.30927707968482787, 0.7463050037445411], [0.0, 0.0, 0.0, 1.0]]}, {"file_path": "rgb/11_34_32_707", "transform_matrix": [[0.7648405783883446, 0.07809662445393936, -0.6394683783421062, -3.0113489290866076], [-0.08785574232850064, 0.9959955844973853, 0.01655790450570453, -1.4832028882282053], [0.6382007977043672, 0.043516811815806175, 0.7686390758339685, 2.3813524469029486], [0.0, 0.0, 0.0, 1.0]]}, {"file_path": "rgb/11_55_51_211", "transform_matrix": [[-0.13372783352241238, -0.12704174804184587, 0.9828414219984191, 4.449851370118627], [0.11611830444392127, 0.9829091818013512, 0.14284985020526672, -0.9281805600525237], [-0.9841917526145353, 0.1332288804466605, -0.11669044305537077, -1.1413911865839537], [0.0, 0.0, 0.0, 1.0]]}, {"file_path": "rgb/11_51_18_709", "transform_matrix": [[-0.7796655610405473, -0.09037047909194695, 0.6196408552024472, 2.8962853825965507], [0.06280216304340523, 0.9732577787057883, 0.22096421544165154, -0.4231645391295061], [-0.6230389243413268, 0.21119297501897863, -0.7531401105094819, -5.005074550373518], [0.0, 0.0, 0.0, 1.0]]}, {"file_path": "rgb/11_38_28_556", "transform_matrix": [[0.16657348405319916, 0.670462185331757, -0.7230032727799671, -2.579428304049658], [-0.12975498040582167, 0.7417757036043616, 0.6579760258566715, 0.709033264291358], [0.9774543055663847, -0.01578808355751404, 0.21055597105595816, 0.5452441985009786], [0.0, 0.0, 0.0, 1.0]]}, {"file_path": "rgb/12_04_23_621", "transform_matrix": [[0.9818104548035346, -0.06468062344899708, 0.17850671636867294, 1.2359695904400263], [0.024350544767369097, 0.9753158843048931, 0.21946748458962337, -0.6720694589389575], [-0.18829572965951466, -0.21112873507131427, 0.9591503403633747, 2.726270245560663], [0.0, 0.0, 0.0, 1.0]]}, {"file_path": "rgb/12_05_12_707", "transform_matrix": [[0.9970947031446804, -0.004525427738110666, 0.07603731626385289, 0.04907109547031189], [0.004752786915792571, 0.9999847590036858, -0.0028094086341474292, -1.5355116912731996], [-0.0760234436036357, 0.0031626356299282493, 0.9971010148217267, 3.1918267687746167], [0.0, 0.0, 0.0, 1.0]]}, {"file_path": "rgb/11_35_51_385", "transform_matrix": [[0.7378465996745498, 0.39392387512984517, -0.5480934007551915, -2.2617662321958214], [-0.08591529355782618, 0.8602357963890794, 0.5026061449522069, 0.24471766245782767], [0.669478123377887, -0.32375662960553014, 0.6685661426552276, 2.017504912683147], [0.0, 0.0, 0.0, 1.0]]}, {"file_path": "rgb/11_36_40_436", "transform_matrix": [[0.5702826243598216, 0.4780254574992243, -0.6680339739384011, -2.7128853499565486], [-0.10637904587788688, 0.84936787746554, 0.5169697354079772, 0.3179746973218949], [0.8145312928005808, -0.2237540406614835, 0.5352316342820872, 1.4702252988458528], [0.0, 0.0, 0.0, 1.0]]}, {"file_path": "rgb/12_06_05_339", "transform_matrix": [[0.9872675913549441, 0.022128667438321568, -0.15752150690496625, -0.7108487690018812], [-0.023655719895728285, 0.9996895338616725, -0.007825778149588881, -1.5253639603094353], [0.1572994277688954, 0.01145242178911976, 0.9874845477569469, 3.054047534421694], [0.0, 0.0, 0.0, 1.0]]}, {"file_path": "rgb/11_33_59_106", "transform_matrix": [[0.8935398932680114, 0.19550832451311628, -0.4041818330710391, -1.814693703581017], [-0.05402390064536475, 0.9404913002892319, 0.33549594966158647, -0.28764087517903514], [0.44572174873754034, -0.27794353585997267, 0.8509286183787717, 2.604776095379601], [0.0, 0.0, 0.0, 1.0]]}, {"file_path": "rgb/11_47_52_334", "transform_matrix": [[-0.997928511331513, -0.02157841811332596, -0.06060575998530913, 0.13982444331342406], [-0.03554711211514429, 0.9701469131157919, 0.23989866567401652, -0.5472059594422856], [0.0536198572540415, 0.24155607805150897, -0.9689043152264465, -4.5941922099636985], [0.0, 0.0, 0.0, 1.0]]}, {"file_path": "rgb/11_56_02_433", "transform_matrix": [[-0.09822326275416583, -0.12653813343224016, 0.9870867699657467, 4.424066666732422], [0.11812551471789702, 0.9833882411257259, 0.1378184675153641, -0.9146000596093501], [-0.9881288141869754, 0.13013711232056857, -0.08164421945432415, -1.282512446839873], [0.0, 0.0, 0.0, 1.0]]}, {"file_path": "rgb/11_46_24_085", "transform_matrix": [[-0.8815092610385449, 0.13207543933779037, -0.45331832196262295, -1.3861981759060598], [-0.08402420505425492, 0.9008773075219897, 0.4258638394568518, 0.14188470914468015], [0.46463034303441625, 0.4134926300620851, -0.7830341558425534, -3.657267169528271], [0.0, 0.0, 0.0, 1.0]]}, {"file_path": "rgb/12_05_41_997", "transform_matrix": [[0.9970504770790192, -0.04715841560020076, 0.060551052794968384, -0.026207150351514854], [0.012309444169752715, 0.8769990856521331, 0.4803343432959531, 0.2029002620539491], [-0.07575502452466154, -0.4781722363368679, 0.8749928506312873, 2.452957933364217], [0.0, 0.0, 0.0, 1.0]]}, {"file_path": "rgb/11_47_02_241", "transform_matrix": [[-0.9645393106226763, 0.0027246891978483867, -0.26392516805395205, -0.772682464830238], [-0.061252170578864784, 0.9703367073439078, 0.23386929251263663, -0.5784167474925282], [0.256733499689677, 0.24174211558964775, -0.9357610056458494, -4.483947600696839], [0.0, 0.0, 0.0, 1.0]]}, {"file_path": "rgb/11_34_53_348", "transform_matrix": [[0.7634051915470894, 0.2866264277378336, -0.5788417784172117, -2.547620866874715], [-0.08594800916616996, 0.9332585449182182, 0.3487713119760596, -0.20840594136246446], [0.6401761111126559, -0.21650353174804876, 0.7370893890847282, 1.9999390017987697], [0.0, 0.0, 0.0, 1.0]]}, {"file_path": "rgb/11_35_09_407", "transform_matrix": [[0.7630533667800817, 0.4398786892682561, -0.4735570696053679, -2.256264414690987], [-0.08184840900261486, 0.7925445631781147, 0.6042962463234007, 0.5790545494511614], [0.6411321216327589, -0.42235039257049667, 0.640757168127072, 1.7486057983233319], [0.0, 0.0, 0.0, 1.0]]}, {"file_path": "rgb/11_57_37_244", "transform_matrix": [[0.009517649073669013, -0.4503459181902471, 0.892803432075333, 3.593136883137633], [0.11558857673456163, 0.8873542381821704, 0.44636502652943, 0.08203336744405747], [-0.9932515770360438, 0.09894953233605386, 0.06050036996488063, 0.3110244935609657], [0.0, 0.0, 0.0, 1.0]]}, {"file_path": "rgb/11_46_11_308", "transform_matrix": [[-0.880060593149869, 0.026796378857676644, -0.4741047420821861, -1.671885923828564], [-0.08813568021216044, 0.9718417099515263, 0.21853098789881797, -0.5891739842423259], [0.4666106023851582, 0.23410605476708476, -0.8529178746298788, -4.331986299594358], [0.0, 0.0, 0.0, 1.0]]}, {"file_path": "rgb/11_58_39_053", "transform_matrix": [[0.09267907667347622, -0.44922325227683585, 0.8885994926629059, 4.25102227205484], [0.12255531278151971, 0.8908011453567384, 0.4375540135116428, 0.1222015071265977], [-0.9881248828240161, 0.0683504867937695, 0.13761332384285657, -0.09064723290533634], [0.0, 0.0, 0.0, 1.0]]}, {"file_path": "rgb/11_39_22_839", "transform_matrix": [[-0.003041528188840444, 0.4346425676869555, -0.9005979055387409, -2.9407858562268516], [-0.13552638030563088, 0.8921136389933653, 0.43100563263520014, 0.07952049883367152], [0.990769069636073, 0.12336569002970689, 0.05619214514471102, -0.4322698101190125], [0.0, 0.0, 0.0, 1.0]]}, {"file_path": "rgb/12_00_45_535", "transform_matrix": [[0.5222718564919409, -0.28642716585807787, 0.8032381879461227, 3.8236019771490573], [0.1011020600693279, 0.956060509738921, 0.27518480184685495, -0.431288542949977], [-0.8467647142897488, -0.06251224181121676, 0.528281873868048, 1.1868129015455082], [0.0, 0.0, 0.0, 1.0]]}, {"file_path": "rgb/11_35_43_437", "transform_matrix": [[0.7378655418257183, 0.2974819519067348, -0.605853885417927, -2.409928389439354], [-0.08755343873152001, 0.9322328059054787, 0.35110737810516646, -0.23081549455225517], [0.669244975739471, -0.20602544474738416, 0.7139080322871549, 2.125731350815687], [0.0, 0.0, 0.0, 1.0]]}, {"file_path": "rgb/11_32_10_921", "transform_matrix": [[0.9999967893866011, -0.002471284467845368, 0.0005603298748200648, 0.04565527609232611], [0.0022889893055083204, 0.9758040955277605, 0.21863469001786762, -0.7779792818350927], [-0.001087080700269451, -0.21863270547731126, 0.9758066193417744, 3.4794386137513666], [0.0, 0.0, 0.0, 1.0]]}, {"file_path": "rgb/11_45_27_112", "transform_matrix": [[-0.902676468602513, 0.234851811929098, -0.3605826111516142, -1.452903653522117], [-0.073519865442006, 0.7414525898938857, 0.6669654311319579, 0.9514212262646919], [0.4239929509044766, 0.6285639851067422, -0.6520255318697614, -3.1361740702040546], [0.0, 0.0, 0.0, 1.0]]}, {"file_path": "rgb/12_06_19_144", "transform_matrix": [[0.9869641851623184, 0.05334514521454351, -0.15184199909419055, -0.615216857726854], [-0.02033922561722861, 0.9772478626023807, 0.211123023236146, -0.6576316287899631], [0.1596496574007357, -0.2052825139195203, 0.9655936393590782, 2.5141331654511996], [0.0, 0.0, 0.0, 1.0]]}, {"file_path": "rgb/11_49_03_407", "transform_matrix": [[-0.9838872365156387, -0.09257106316051797, 0.15295915823170378, 1.1168356657833436], [0.006642187041873978, 0.8360075924779463, 0.5486776710150768, 0.7069149131107094], [-0.17866669295904244, 0.5408529408116032, -0.8219223255530413, -4.517740586564269], [0.0, 0.0, 0.0, 1.0]]}, {"file_path": "rgb/12_00_11_295", "transform_matrix": [[0.2895214862363835, -0.5642264632680674, 0.7731919600949582, 3.73550010253432], [0.12242378435379409, 0.8229821619293544, 0.5547186477581058, 0.4450085905242821], [-0.9493101316387446, -0.06594588155521108, 0.30734575753365256, 0.7820446065851837], [0.0, 0.0, 0.0, 1.0]]}, {"file_path": "rgb/11_32_18_906", "transform_matrix": [[0.9999936156011284, -0.003370649739040508, -0.0011863714929442515, 0.04175377655882169], [0.003573336211737845, 0.9437375372285833, 0.3306761135825301, -0.37276769497616236], [5.029955035360947e-06, -0.3306782417185399, 0.9437435564964852, 3.4737179703892087], [0.0, 0.0, 0.0, 1.0]]}, {"file_path": "rgb/12_02_27_851", "transform_matrix": [[0.7632209347564571, -0.2115949734542447, 0.6105091088250668, 2.4379941258554942], [0.06927914242158152, 0.9662107729643631, 0.24826828761027508, -0.6134702495794818], [-0.6424127996660792, -0.1471880070403344, 0.7520914076152474, 2.4632189770094386], [0.0, 0.0, 0.0, 1.0]]}, {"file_path": "rgb/11_37_37_372", "transform_matrix": [[0.36032162138383234, 0.6342846784582394, -0.6839965466553573, -2.711853973885481], [-0.12218336715010254, 0.7590242442307057, 0.6394946610112312, 0.6754979494738126], [0.9247916273167646, -0.1468507519324773, 0.35099188409659365, 0.9414226967048831], [0.0, 0.0, 0.0, 1.0]]}]}