{"camera_angle_x": 0.5870227852179017, "w": 1079.0, "h": 1439.0, "frames": [{"file_path": "rgb/15_46_16_479", "transform_matrix": [[0.9999999999999999, -7.02287353034666e-18, 2.9946987954261517e-18, 0.29308667432939417], [-7.02287353034666e-18, 1.0, 1.3347887800028179e-17, -1.5346826076090925], [2.9946987954261517e-18, 1.3347887800028179e-17, 1.0, 2.736546031678862], [0.0, 0.0, 0.0, 1.0]]}, {"file_path": "rgb/16_08_03_899", "transform_matrix": [[-0.9264196879648533, 0.13954400390109517, -0.34967704060512017, -1.0325950606641412], [-0.06362321533611623, 0.8573920278088409, 0.5107161610132754, 0.5649371298076128], [0.37107768488740733, 0.49538508417704175, -0.7854266166571563, -4.220197668912091], [0.0, 0.0, 0.0, 1.0]]}, {"file_path": "rgb/15_48_21_365", "transform_matrix": [[0.9999987864836859, -0.0015236954656873492, -0.000324627915492924, 0.28163361064000475], [0.0015247223554565633, 0.9999937595100574, 0.003186873496149302, -1.5900374393759549], [0.00031977006495988815, -0.0031873645962662593, 0.9999948692138555, 3.3438991959066793], [0.0, 0.0, 0.0, 1.0]]}, {"file_path": "rgb/16_28_56_537", "transform_matrix": [[0.8719904310929245, -0.33929475147117555, 0.3528622389920587, 1.5845280622112936], [0.05612305825082296, 0.7853679509981013, 0.6164798324986948, 0.861579007895582], [-0.486295065176432, -0.5177608069071636, 0.7038755972584165, 1.472569380568356], [0.0, 0.0, 0.0, 1.0]]}, {"file_path": "rgb/16_25_50_429", "transform_matrix": [[0.7373563884684718, -0.22673075694856337, 0.6363165251965908, 2.6064834323127846], [0.06706462440544296, 0.9619051169963432, 0.2650299644372474, -0.415722381798627], [-0.6721665660668411, -0.1527472086480904, 0.7244724961736833, 1.2625360152100036], [0.0, 0.0, 0.0, 1.0]]}, {"file_path": "rgb/16_15_37_918", "transform_matrix": [[-0.40336178992741967, -0.13543804217819155, 0.9049617688927454, 4.173973707565435], [0.06910632102615738, 0.9816520135958586, 0.1777178679745677, -0.823487568338311], [-0.9124273027593914, 0.13422317584580779, -0.3866012884679609, -3.276544602788686], [0.0, 0.0, 0.0, 1.0]]}, {"file_path": "rgb/16_23_52_222", "transform_matrix": [[0.5414273584829286, -0.10348233336467487, 0.8343547340116195, 3.6926881092805135], [0.08266120463834892, 0.9941401564262553, 0.06965970591753638, -1.2883915306240115], [-0.8366740946951419, 0.03125309684148029, 0.5468086531903841, 0.9998854004553359], [0.0, 0.0, 0.0, 1.0]]}, {"file_path": "rgb/16_01_14_802", "transform_matrix": [[0.25594866310848485, 0.30206577759553727, -0.9182845680172254, -4.014521742505535], [-0.10945283519007924, 0.9528730888796032, 0.2829363061855038, -0.29335513455640133], [0.9604740281349788, 0.02809168016774977, 0.27694854898251436, -0.6169779304660569], [0.0, 0.0, 0.0, 1.0]]}, {"file_path": "rgb/16_04_43_857", "transform_matrix": [[-0.5435136360344827, 0.3487344421356395, -0.763529446919318, -2.8001432197765976], [-0.10070354807182881, 0.8759530575679672, 0.47176798995170754, 0.5073372754833094], [0.8333377003654163, 0.3333024599454281, -0.44097363565637954, -3.619605399702698], [0.0, 0.0, 0.0, 1.0]]}, {"file_path": "rgb/16_21_12_961", "transform_matrix": [[0.10628616644931572, -0.13290531870210284, 0.9854133280416907, 4.5528441460140785], [0.09206907930215671, 0.9880848819385687, 0.1233351155222949, -1.0643123950945728], [-0.9900639047344172, 0.0776172812274244, 0.11725622455503756, -0.9242060424022472], [0.0, 0.0, 0.0, 1.0]]}, {"file_path": "rgb/16_01_38_759", "transform_matrix": [[0.25422836299750834, 0.6482031931478501, -0.717774727780616, -3.432446808870305], [-0.1054871658454588, 0.7563157708557653, 0.6456461202522186, 1.0789112603681248], [0.9613742233331929, -0.08842553447834083, 0.2606540380710032, -0.629237981833139], [0.0, 0.0, 0.0, 1.0]]}, {"file_path": "rgb/16_32_55_332", "transform_matrix": [[0.9993331523629894, -0.025287390023723814, 0.026340054936131303, 0.26766711398587495], [0.009222611764160468, 0.8727908060185573, 0.48800732818444936, 0.4379233990345369], [-0.03532978942051467, -0.4874389775502831, 0.8724420033126769, 2.240515474604506], [0.0, 0.0, 0.0, 1.0]]}, {"file_path": "rgb/15_55_01_271", "transform_matrix": [[0.6825768041969683, 0.07437644729836275, -0.7270192916694352, -3.4888103096619454], [-0.08114519468200156, 0.9963696835322569, 0.02574706037299058, -1.5172960981695842], [0.7262949564414405, 0.04141977577322492, 0.6861341256799738, 2.139768860737126], [0.0, 0.0, 0.0, 1.0]]}, {"file_path": "rgb/15_46_33_687", "transform_matrix": [[0.9999929824479495, 0.0005477963077745586, -0.0037060725923738942, 0.30526958270719573], [0.00028105528879384414, 0.9754943806944466, 0.220024167403226, -0.5359495745078567], [0.00373578141483108, -0.2200236649834817, 0.9754873811508056, 2.0855584040209507], [0.0, 0.0, 0.0, 1.0]]}, {"file_path": "rgb/16_23_37_644", "transform_matrix": [[0.5018697706626853, -0.10611782585798209, 0.8584088421784566, 3.6241113185592257], [0.08370804419345067, 0.9937457001386201, 0.0739083675459743, -1.3082894438414765], [-0.860883091152504, 0.03476334982677146, 0.5076138422822319, 1.193008286911906], [0.0, 0.0, 0.0, 1.0]]}, {"file_path": "rgb/16_14_20_758", "transform_matrix": [[-0.4464953710210324, -0.3241644479658733, 0.8340019750167086, 2.8981932183369534], [0.065275837677704, 0.9177848151318624, 0.3916760116842073, 0.004653635542754187], [-0.8924017865694042, 0.22932170370105376, -0.3886265656634676, -2.795115880527109], [0.0, 0.0, 0.0, 1.0]]}, {"file_path": "rgb/16_06_24_877", "transform_matrix": [[-0.7979071641153488, 0.03883946694546078, -0.6015277659932197, -2.6888956093002077], [-0.08821264955674347, 0.9796544508551466, 0.1802655967673263, -0.8082907208755999], [0.596290772955259, 0.19689756912438905, -0.7782471724081788, -4.747679476713773], [0.0, 0.0, 0.0, 1.0]]}, {"file_path": "rgb/16_16_05_036", "transform_matrix": [[-0.4015654144046089, -0.3293720853344673, 0.854552074104603, 3.4544669341553056], [0.06892912260715592, 0.9195736960800723, 0.3868242411409123, 0.021989619369856037], [-0.9132327162397668, 0.21423876138565437, -0.3465656634885781, -2.916975105840954], [0.0, 0.0, 0.0, 1.0]]}, {"file_path": "rgb/16_16_28_862", "transform_matrix": [[-0.40254604387152165, -0.6447123646580365, 0.6498481741302572, 2.8659274998873894], [0.07279407579379131, 0.6851129702498014, 0.7247904804319814, 1.2663106611454478], [-0.912500797310728, 0.33906663777572865, -0.2288582750410135, -2.5506800542554036], [0.0, 0.0, 0.0, 1.0]]}, {"file_path": "rgb/15_49_45_503", "transform_matrix": [[0.9999641739400339, -0.0023468388801516217, -0.008132845977639419, 0.2798808554157849], [0.00602318360723996, 0.8723496886235939, 0.4888453150205618, 0.41693320249672433], [0.005947444464547187, -0.4888767872435644, 0.8723325712128098, 2.4570208827800193], [0.0, 0.0, 0.0, 1.0]]}, {"file_path": "rgb/16_02_27_629", "transform_matrix": [[-0.040712689204108594, 0.3105976666901514, -0.9496691878672295, -3.9642921406205223], [-0.1163110016843895, 0.942522341858793, 0.3132465258932496, -0.18919302063752266], [0.9923780669809988, 0.12321008296259683, -0.00224669343845995, -1.6176176007889729], [0.0, 0.0, 0.0, 1.0]]}, {"file_path": "rgb/15_49_29_425", "transform_matrix": [[0.9999916267478315, -0.0015073515499963446, -0.003804513836270905, 0.2937635323614807], [0.002313481531447036, 0.9751013659642401, 0.22174754541567535, -0.5985887243841647], [0.0033755351322874026, -0.2217544903400562, 0.9750966884245854, 2.6899656374470577], [0.0, 0.0, 0.0, 1.0]]}, {"file_path": "rgb/15_59_37_674", "transform_matrix": [[0.2603982383578401, 0.09154550962341343, -0.9611514850053152, -4.742918523389628], [-0.11102544784613158, 0.9917301761374105, 0.06437862742422107, -1.2645520937626502], [0.9590965057754611, 0.08994819290152671, 0.268408671996734, -0.5386887030387625], [0.0, 0.0, 0.0, 1.0]]}, {"file_path": "rgb/16_03_48_314", "transform_matrix": [[-0.33083885290642306, 0.39613386559880853, -0.8565183091640873, -3.567634946049842], [-0.1101331954311166, 0.8852195430741212, 0.4519480499169962, 0.3838946504818771], [0.9372386743363151, 0.2438530727413319, -0.24923752976411287, -2.5708251872891243], [0.0, 0.0, 0.0, 1.0]]}, {"file_path": "rgb/15_58_29_765", "transform_matrix": [[0.5276158013353278, 0.08250534800472319, -0.8454669915093665, -4.453810234927455], [-0.09742279228142159, 0.9945823336846338, 0.03625990990775828, -1.3945564612899357], [0.8438781699542718, 0.06323645367228675, 0.532795256361749, 0.7568738742034706], [0.0, 0.0, 0.0, 1.0]]}, {"file_path": "rgb/15_58_43_189", "transform_matrix": [[0.47437080150010125, 0.08630372829915049, -0.8760844760443012, -4.262195584848533], [-0.1002478063429692, 0.9940050248411277, 0.04363929323455395, -1.4137786994720327], [0.874598605079824, 0.06712434038599743, 0.48017871977022325, 1.003671304198062], [0.0, 0.0, 0.0, 1.0]]}, {"file_path": "rgb/15_46_57_914", "transform_matrix": [[0.9999658476512525, -0.00012553214891285164, -0.008263641618052701, 0.288077080774624], [0.005015117981332361, 0.8039646774366157, 0.5946559055671368, 0.8251111864924457], [0.0065690275342199745, -0.594677039808935, 0.8039378497131087, 1.6177886063645792], [0.0, 0.0, 0.0, 1.0]]}, {"file_path": "rgb/16_25_58_389", "transform_matrix": [[0.7387730231820477, -0.3012203405188296, 0.6028936279943399, 2.547647474826235], [0.06837207109790495, 0.9234438374443806, 0.37759335134477645, 0.04882580682160046], [-0.6704772032755778, -0.2377346957087189, 0.702810454065705, 1.2472714714145572], [0.0, 0.0, 0.0, 1.0]]}, {"file_path": "rgb/16_28_40_558", "transform_matrix": [[0.8725892895298475, -0.21820865507428786, 0.4370044789798686, 1.8632597900821672], [0.0532969080154825, 0.9318596230710755, 0.35888310420779357, -0.03093851936513824], [-0.48553822856062034, -0.2898665654064009, 0.8247605730548179, 1.8499207957229138], [0.0, 0.0, 0.0, 1.0]]}, {"file_path": "rgb/16_07_26_187", "transform_matrix": [[-0.9071918965062739, 0.01728534102833905, -0.4203618440092814, -1.117416712863762], [-0.06909202242765991, 0.9794690692077932, 0.18938488562204434, -0.742967911968757], [0.41500500641583254, 0.2008520835111079, -0.8873721232938531, -5.284994090270874], [0.0, 0.0, 0.0, 1.0]]}, {"file_path": "rgb/16_17_16_581", "transform_matrix": [[-0.148177626523084, -0.13755710381194047, 0.9793474532508144, 4.336256278295302], [0.08734127531611076, 0.9845896204231996, 0.15150835284252603, -0.9506658818112896], [-0.9850963874789819, 0.10798760366713876, -0.13387974017784837, -2.0503761336991424], [0.0, 0.0, 0.0, 1.0]]}, {"file_path": "rgb/15_53_25_865", "transform_matrix": [[0.876326599911636, 0.20672982032646736, -0.43510282885209756, -2.085355363276297], [-0.052537397124807095, 0.938860534324362, 0.34026565943615844, -0.10410738934765366], [0.4788439330206257, -0.2753246782908499, 0.8336095065037217, 2.206689845991495], [0.0, 0.0, 0.0, 1.0]]}, {"file_path": "rgb/16_11_49_735", "transform_matrix": [[-0.8741614513757858, -0.2514114817912897, 0.41549250745601607, 1.644942178238153], [0.00753555339826109, 0.8484395038906062, 0.5292387208744689, 0.5960625303769578], [-0.4855769479326233, 0.4657710543404026, -0.7397785834795896, -4.26334364430142], [0.0, 0.0, 0.0, 1.0]]}, {"file_path": "rgb/16_31_15_069", "transform_matrix": [[0.9629584087761819, -0.09065676202033592, 0.25395364629638967, 1.0834029567352395], [0.030492042263540402, 0.9723587437722251, 0.23149235142504918, -0.5413085923915204], [-0.26792039550180213, -0.21517394105627233, 0.9391053384815092, 2.270575725226305], [0.0, 0.0, 0.0, 1.0]]}, {"file_path": "rgb/16_23_12_859", "transform_matrix": [[0.33732000719307936, -0.5624918810338001, 0.7548629653906185, 3.1732552689292763], [0.09365236307019288, 0.817933206139, 0.5676394147577714, 0.717238048774613], [-0.9367200476335656, -0.12078143096616217, 0.3285839288448792, -0.11549201872497149], [0.0, 0.0, 0.0, 1.0]]}, {"file_path": "rgb/16_17_52_796", "transform_matrix": [[-0.14472121486069456, -0.5960746958118601, 0.7897789101907204, 3.1924632874401992], [0.09086718916855971, 0.7868026289399697, 0.6104791372567595, 0.864637996944153], [-0.9852912888592131, 0.16011427202454623, -0.0597034001728526, -1.7245650408260909], [0.0, 0.0, 0.0, 1.0]]}, {"file_path": "rgb/16_17_37_237", "transform_matrix": [[-0.1455332535742348, -0.3481178741240019, 0.9260853188661848, 3.566621619860905], [0.08855447309615667, 0.9277104642849088, 0.36264500513717407, -0.07963868630249663], [-0.9853822493828267, 0.13478590494433926, -0.1041853273238415, -1.87133315125184], [0.0, 0.0, 0.0, 1.0]]}, {"file_path": "rgb/15_52_07_423", "transform_matrix": [[0.9682104306155727, 0.1427620662676511, -0.2053960916916335, -0.8632283438342788], [-0.024919239637444243, 0.8720997139878551, 0.4886932784049651, 0.41214262915379124], [0.2488927350147022, -0.468039615093949, 0.8479335617603595, 2.450574059998705], [0.0, 0.0, 0.0, 1.0]]}, {"file_path": "rgb/16_10_50_855", "transform_matrix": [[-0.9794273295974264, -0.16943693921210004, 0.10960487976403487, 0.678910158297781], [-0.028883957387350518, 0.6552594058826549, 0.7548515271283193, 1.389486717022858], [-0.1997193607122233, 0.7361563927812793, -0.64667297942929, -4.0793387485889046], [0.0, 0.0, 0.0, 1.0]]}, {"file_path": "rgb/16_32_07_633", "transform_matrix": [[0.999129204078124, -0.005664309152769689, 0.04133701924469591, 0.30997722484844603], [0.005581462825259107, 0.9999821777537684, 0.0021193035556307323, -1.575203809021596], [-0.04134828691668811, -0.0018867370385159637, 0.9991430124823988, 3.1311034488690024], [0.0, 0.0, 0.0, 1.0]]}, {"file_path": "rgb/16_16_21_092", "transform_matrix": [[-0.40166001457125466, -0.5570997763005922, 0.7268487269992628, 3.1134639774616337], [0.07199626442409639, 0.7720201349642082, 0.6315072835041742, 0.9583149719378299], [-0.9129544186889041, 0.30598161783949707, -0.26998051585388344, -2.6888424004126614], [0.0, 0.0, 0.0, 1.0]]}, {"file_path": "rgb/15_56_07_539", "transform_matrix": [[0.6850004243057273, 0.07360645512829765, -0.7248148097717232, -3.4622868328485685], [-0.08054872748674999, 0.9964354474198598, 0.025065945532717356, -1.523434225061091], [0.72407618466653, 0.041212727265127466, 0.6884876105712662, 2.1651515539667043], [0.0, 0.0, 0.0, 1.0]]}, {"file_path": "rgb/16_25_34_451", "transform_matrix": [[0.7359896721061812, -0.0816678880502616, 0.6720487769607544, 3.110073685228321], [0.06784427086305349, 0.9965972900382649, 0.04680808049308371, -1.37957973483718], [-0.6735847069701749, 0.011144395443284884, 0.7390260110348669, 1.7478679542542095], [0.0, 0.0, 0.0, 1.0]]}, {"file_path": "rgb/15_49_53_474", "transform_matrix": [[0.9999535980351759, -0.002940159405244127, -0.009173725479724, 0.2705497710222809], [0.00783017745946327, 0.8027886686001668, 0.5962122456710571, 0.7783494908861892], [0.005611603822339581, -0.5962564121498766, 0.8027744395985075, 2.2306982338032357], [0.0, 0.0, 0.0, 1.0]]}, {"file_path": "rgb/15_53_57_744", "transform_matrix": [[0.746614964912825, 0.0701492552339784, -0.6615475615239912, -3.84885493434632], [-0.07705178590772925, 0.9968508758777751, 0.018744427175619555, -1.4879195717857445], [0.6607791737461544, 0.036978551240290765, 0.7496689071126791, 1.83372046662875], [0.0, 0.0, 0.0, 1.0]]}, {"file_path": "rgb/16_17_44_944", "transform_matrix": [[-0.1444046471176271, -0.4545067834268247, 0.8789601138332926, 3.4760511876189413], [0.08896309049955874, 0.8787098476437611, 0.46899314726618885, 0.3668004481102291], [-0.9855114745245747, 0.14591979808401323, -0.08645545736111722, -1.8213340312767183], [0.0, 0.0, 0.0, 1.0]]}, {"file_path": "rgb/16_10_26_985", "transform_matrix": [[-0.9793926908831786, -0.1091684854031386, 0.16991821220631606, 0.8687555315818818], [-0.026770807537321424, 0.9040720641682121, 0.42654076786917766, 0.18019614387247007], [-0.20018311844010636, 0.4132020626587103, -0.8883641001898832, -4.7794351278927865], [0.0, 0.0, 0.0, 1.0]]}, {"file_path": "rgb/16_27_34_974", "transform_matrix": [[0.8703084654250138, -0.05905083856587029, 0.4889541629582724, 2.26845913871495], [0.05215914946897147, 0.9982540233823608, 0.02771872882371694, -1.4736493135025874], [-0.4897372746036703, 0.0013795889231151789, 0.8718689687092738, 2.450700178793709], [0.0, 0.0, 0.0, 1.0]]}, {"file_path": "rgb/16_21_47_284", "transform_matrix": [[0.1112365275094416, -0.4532327536837365, 0.8844243924360625, 3.70013381835546], [0.09408380371756235, 0.8907530761745258, 0.4446427725305499, 0.2865910990664843], [-0.9893304164058014, 0.03374949294250999, 0.14172614049795837, -0.9033541583563919], [0.0, 0.0, 0.0, 1.0]]}, {"file_path": "rgb/15_52_58_553", "transform_matrix": [[0.8796339290192048, 0.05263452413155618, -0.4727301109382402, -2.4845338490260276], [-0.055014448938867005, 0.9984467757853753, 0.008800359750664077, -1.5758070707318974], [0.4724590578306115, 0.018265891525817732, 0.881163319640904, 2.768242640342546], [0.0, 0.0, 0.0, 1.0]]}, {"file_path": "rgb/16_33_03_300", "transform_matrix": [[0.9993021767332739, -0.029713805545014866, 0.022632925930455162, 0.25283600282716573], [0.010382133833291013, 0.8030233398955211, 0.5958571363003969, 0.7990449159379674], [-0.03587995085292147, -0.5952063552609929, 0.8027714642310827, 2.0135439768064582], [0.0, 0.0, 0.0, 1.0]]}, {"file_path": "rgb/15_58_05_811", "transform_matrix": [[0.6802394428561771, 0.4181847154883707, -0.6019932259707146, -2.6613632503557416], [-0.07512394755543875, 0.8567347551054267, 0.5102567509579194, 0.4916729301884033], [0.7291300932525041, -0.3018726604486649, 0.614200459123273, 1.6219817917725123], [0.0, 0.0, 0.0, 1.0]]}, {"file_path": "rgb/15_58_58_431", "transform_matrix": [[0.4704455930870312, 0.27846323015302865, -0.837340536100894, -3.590031771984305], [-0.09881656941814439, 0.9595601678154011, 0.26358977588386984, -0.43212238312718343], [0.8768786857675469, -0.04126152923512453, 0.478937633363425, 0.7611341441712351], [0.0, 0.0, 0.0, 1.0]]}, {"file_path": "rgb/16_28_48_415", "transform_matrix": [[0.8726349159952679, -0.2895222080718049, 0.3933003870061125, 1.7238036629516436], [0.05457604397667536, 0.8580946560114702, 0.5105830165099624, 0.508260164830537], [-0.4853140826411154, -0.42408778850349255, 0.7646043348245088, 1.6685664649806662], [0.0, 0.0, 0.0, 1.0]]}, {"file_path": "rgb/15_52_29_895", "transform_matrix": [[0.8943563680096405, 0.05047585824204399, -0.44449845301793056, -2.6175727113634837], [-0.0529880846312855, 0.9985721300511867, 0.006779673454058404, -1.5686933946727635], [0.4442059768707667, 0.017489677520326586, 0.895753962476596, 2.711956779999039], [0.0, 0.0, 0.0, 1.0]]}, {"file_path": "rgb/16_24_45_710", "transform_matrix": [[0.5457604554745509, -0.37693427561997855, 0.7483756256740683, 2.979419281088196], [0.0840381260347683, 0.9132309739952444, 0.39868130318371026, 0.12121837821220251], [-0.8337164497674104, -0.1546924044629832, 0.530082202482488, 0.6610713920175336], [0.0, 0.0, 0.0, 1.0]]}, {"file_path": "rgb/15_58_13_858", "transform_matrix": [[0.6805220048622509, 0.49065186706711883, -0.5441971575098614, -2.46692948370688], [-0.07351634955223213, 0.7846736315980687, 0.6155344330118442, 0.8524386506419409], [0.7290302786899708, -0.37887733795814277, 0.5700586071054224, 1.4735913904200222], [0.0, 0.0, 0.0, 1.0]]}, {"file_path": "rgb/16_10_34_987", "transform_matrix": [[-0.9792716185141834, -0.12888016935225444, 0.15625939690254015, 0.8271056338555988], [-0.02702074971365896, 0.84768199669995, 0.5298161110760016, 0.6190072032007184], [-0.20074106769050318, 0.5146116345541756, -0.833593359692816, -4.667924055357521], [0.0, 0.0, 0.0, 1.0]]}, {"file_path": "rgb/16_12_45_559", "transform_matrix": [[-0.7303322593674084, -0.33592953968806255, 0.5947824268522585, 2.5552276754837897], [0.03475012020102585, 0.8513221259676648, 0.5234912291375182, 0.5724571163069613], [-0.6822076077509763, 0.40299129296159913, -0.610074419824195, -3.368465575818309], [0.0, 0.0, 0.0, 1.0]]}, {"file_path": "rgb/15_51_59_367", "transform_matrix": [[0.9682567733643486, 0.10756747081756489, -0.22562814553147517, -0.9223278948968421], [-0.026721105953450973, 0.9420372150034383, 0.33444262294927407, -0.14086409751226178], [0.24852525692710722, -0.3177973013895464, 0.9150082359732272, 2.6515233153160334], [0.0, 0.0, 0.0, 1.0]]}, {"file_path": "rgb/16_04_04_138", "transform_matrix": [[-0.32908678721967616, 0.6320363388447915, -0.7015924407069271, -3.0621331526766222], [-0.10690370647382182, 0.7132640440835295, 0.6926947386546021, 1.238639172419403], [0.9382289081133613, 0.30295951841340185, -0.16715874545810971, -2.300578675698231], [0.0, 0.0, 0.0, 1.0]]}, {"file_path": "rgb/16_02_51_757", "transform_matrix": [[-0.04091418570285974, 0.6691959348330199, -0.7419587793208141, -3.3566401917708206], [-0.11107344111232528, 0.7349316541125506, 0.6689829253896222, 1.1561238113798933], [0.9929696471130115, 0.10978280642409662, 0.0442607650850122, -1.4488085642385478], [0.0, 0.0, 0.0, 1.0]]}, {"file_path": "rgb/16_03_06_396", "transform_matrix": [[-0.2818696292237309, 0.08422735935169039, -0.9557485359956964, -4.3040975154916845], [-0.11500212239210057, 0.9859917252077826, 0.12080906285164587, -0.9813732497693848], [0.952535576220956, 0.1439655158655079, -0.26823479691305785, -3.232081945157746], [0.0, 0.0, 0.0, 1.0]]}, {"file_path": "rgb/15_54_34_486", "transform_matrix": [[0.6843150778014894, 0.0744285666011217, -0.725378013705436, -3.498882411346739], [-0.08135719051783732, 0.9963592256521931, 0.025481385535456653, -1.5162789359373683], [0.7246336190410889, 0.04157742093329777, 0.6878789400933493, 2.117338936938188], [0.0, 0.0, 0.0, 1.0]]}, {"file_path": "rgb/16_29_26_778", "transform_matrix": [[0.9620241480369759, -0.03171296603369669, 0.2711158910485992, 1.288902674986104], [0.029662650262045776, 0.9994919800522676, 0.011658001142101696, -1.5364253731481423], [-0.27134786856203946, -0.0031732627598869407, 0.9624761111998027, 2.9303068480361434], [0.0, 0.0, 0.0, 1.0]]}, {"file_path": "rgb/16_28_32_496", "transform_matrix": [[0.8719581559337677, -0.16483322753435153, 0.46099781062516104, 1.902827648421965], [0.05254000697531018, 0.9676854748907642, 0.24662597055555788, -0.4936517736216365], [-0.48675304001887604, -0.19082669830515123, 0.8524415811340608, 1.8742914014840628], [0.0, 0.0, 0.0, 1.0]]}, {"file_path": "rgb/16_31_39_542", "transform_matrix": [[0.9631746141893365, -0.1871365479661514, 0.19306624509876058, 0.9058456745716916], [0.034074328959797354, 0.7972124712250364, 0.6027364397721526, 0.8223971380369529], [-0.26670883503769033, -0.5739618350888694, 0.7742313666949018, 1.8255610470659376], [0.0, 0.0, 0.0, 1.0]]}, {"file_path": "rgb/15_53_33_711", "transform_matrix": [[0.8762298065612958, 0.2761294465614154, -0.3949352539787254, -1.9644972947737318], [-0.05063122854489313, 0.8677657508222392, 0.4943875811506093, 0.4519863878981406], [0.479226256364975, -0.4132010774932731, 0.7743429891003143, 2.0278268680801506], [0.0, 0.0, 0.0, 1.0]]}, {"file_path": "rgb/16_14_28_795", "transform_matrix": [[-0.4464303864986997, -0.42190609235224524, 0.78911035935836, 2.7999779684818233], [0.06418587550128999, 0.8644961794939646, 0.49852435148794055, 0.4532436620725407], [-0.8925133519431261, 0.273206158196329, -0.358856951621183, -2.7237298078068917], [0.0, 0.0, 0.0, 1.0]]}, {"file_path": "rgb/16_20_42_077", "transform_matrix": [[0.049484488007710645, -0.1325792563005268, 0.9899363748470977, 4.552788862101212], [0.09042827110008059, 0.9876746011840509, 0.12775605645830027, -1.0911421314970933], [-0.994672817177822, 0.0831962918327812, 0.060863484888803596, -0.676875793597226], [0.0, 0.0, 0.0, 1.0]]}, {"file_path": "rgb/15_55_29_130", "transform_matrix": [[0.6354139010845505, 0.0782979565397453, -0.7681917757371611, -3.233148223709392], [-0.08439811365604259, 0.9959277552374547, 0.031699601874255016, -1.5342242431826831], [0.7675455248516629, 0.044691569108554596, 0.6394345399888879, 2.3804376255159747], [0.0, 0.0, 0.0, 1.0]]}, {"file_path": "rgb/16_12_05_408", "transform_matrix": [[-0.8746812888714269, -0.36294567191315424, 0.32125236518619976, 1.346267632811899], [0.006051822481462127, 0.6545585999926333, 0.7559870465955991, 1.3707924362860173], [-0.48466072498488194, 0.6631918865721992, -0.5703336771065995, -3.7162868840286802], [0.0, 0.0, 0.0, 1.0]]}, {"file_path": "rgb/15_59_06_398", "transform_matrix": [[0.46884134133295535, 0.37456450449986106, -0.7999307648952427, -3.529514025467471], [-0.0970556028176647, 0.9219965191221566, 0.3748368027399742, 0.03776316800300522], [0.877933942058749, -0.09810122677826255, 0.46862366850788173, 0.7787521821574177], [0.0, 0.0, 0.0, 1.0]]}, {"file_path": "rgb/16_05_27_709", "transform_matrix": [[-0.7643568873694735, 0.04324500747891877, -0.6433416029287997, -2.522163351841946], [-0.09164307688767563, 0.9803335536953012, 0.17477891737192341, -0.784943457965105], [0.6382476754281277, 0.19255127324245427, -0.7453615981409963, -4.989189216582158], [0.0, 0.0, 0.0, 1.0]]}, {"file_path": "rgb/16_13_01_495", "transform_matrix": [[-0.7311210045274629, -0.4985799826988955, 0.46570385181005547, 2.1237860808618114], [0.03281783523379482, 0.6561110318756789, 0.7539504649123838, 1.3645505136195406], [-0.681458044511414, 0.5665124135471358, -0.46333424098341586, -2.8756332921780423], [0.0, 0.0, 0.0, 1.0]]}, {"file_path": "rgb/16_29_50_930", "transform_matrix": [[0.9631744500516346, -0.11985110748265923, 0.2406879531736294, 1.0667408981703195], [0.030976194782767936, 0.9386603965397424, 0.343448883132022, -0.07857672289551647], [-0.2670869785753532, -0.3233455922121613, 0.9078062424727291, 2.245533528160131], [0.0, 0.0, 0.0, 1.0]]}, {"file_path": "rgb/16_26_06_059", "transform_matrix": [[0.738559155425187, -0.39901962867851265, 0.5434277411642657, 2.3585128433667983], [0.06967684886443355, 0.8469064234594404, 0.5271571365688431, 0.5773738275828146], [-0.6705784895669985, -0.35147239697080174, 0.6532929231957454, 1.0998160351539896], [0.0, 0.0, 0.0, 1.0]]}, {"file_path": "rgb/16_04_19_592", "transform_matrix": [[-0.5396020939840144, 0.06800825026801692, -0.8391689091378145, -3.502947532538238], [-0.10475758607669815, 0.9835628260399375, 0.1470714635533174, -0.8706320146501145], [0.8353774166970579, 0.1672693789305573, -0.5236081803646078, -4.258462854694298], [0.0, 0.0, 0.0, 1.0]]}, {"file_path": "rgb/15_46_49_522", "transform_matrix": [[0.9999786216594428, 0.0001899878785822187, -0.00653606369971366, 0.2976735664952488], [0.0030171613324749174, 0.8733993934115465, 0.4869952734122133, 0.4716715967580515], [0.005801117269504298, -0.48700458262006996, 0.873380148357791, 1.8486037923151248], [0.0, 0.0, 0.0, 1.0]]}, {"file_path": "rgb/16_29_42_885", "transform_matrix": [[0.9628264305336717, -0.09025715790374214, 0.25459558148744027, 1.0874885711888258], [0.030011553253144245, 0.9724332989980888, 0.23124183373911245, -0.5415477453694699], [-0.2684484519179103, -0.21500494051726482, 0.938993239707318, 2.271807764647115], [0.0, 0.0, 0.0, 1.0]]}, {"file_path": "rgb/16_26_30_502", "transform_matrix": [[0.8469241258231158, -0.06277971553649647, 0.5279945382443908, 2.0918470200997965], [0.05498050904305139, 0.9980222186816049, 0.03047613235326667, -1.4844283650022752], [-0.5288635634302271, 0.0032184367328674957, 0.8487007558267392, 2.553783716919843], [0.0, 0.0, 0.0, 1.0]]}, {"file_path": "rgb/16_24_53_560", "transform_matrix": [[0.544670297236308, -0.4979889519683014, 0.6747897976600005, 2.7467194102694505], [0.08466014253637197, 0.8331529039027463, 0.5465243809603945, 0.6461932998729478], [-0.8343661831439678, -0.24054779657260214, 0.4959534554671768, 0.5623430562646684], [0.0, 0.0, 0.0, 1.0]]}, {"file_path": "rgb/16_05_00_620", "transform_matrix": [[-0.5422727788356574, 0.5591430642599956, -0.627135764427286, -2.3351715913882596], [-0.09721024904963567, 0.6996449155454719, 0.7078468475815072, 1.3455242683982038], [0.8345600043217757, 0.444810100875994, -0.32504395601999125, -3.229484722202705], [0.0, 0.0, 0.0, 1.0]]}, {"file_path": "rgb/15_51_35_988", "transform_matrix": [[0.9694958126504447, 0.028746438576115942, -0.24341633372155475, -1.1406207781491076], [-0.0290853689591486, 0.9995745051800866, 0.0022022503253057405, -1.6111331800412616], [0.24337606818617954, 0.004944781408182492, 0.969919397976482, 3.2961430348512524], [0.0, 0.0, 0.0, 1.0]]}, {"file_path": "rgb/16_25_01_210", "transform_matrix": [[0.5437083299573842, -0.5812785465537397, 0.6053895466980943, 2.512289361240979], [0.08519927612119414, 0.7558263954168172, 0.6492053167832544, 0.9870729523641975], [-0.8349385218585718, -0.3013995874376625, 0.46047361858094565, 0.4481562037609437], [0.0, 0.0, 0.0, 1.0]]}, {"file_path": "rgb/16_02_43_614", "transform_matrix": [[-0.041335971785057296, 0.5688274647452857, -0.8214174655971441, -3.6234606843839954], [-0.11266849080689056, 0.8142226879419934, 0.5695149037732137, 0.8127263301180788], [0.9927724556089791, 0.11608931816479036, 0.03043224592683736, -1.4952035863899098], [0.0, 0.0, 0.0, 1.0]]}, {"file_path": "rgb/16_24_37_836", "transform_matrix": [[0.5445885213046324, -0.2858345389469663, 0.7884934741697035, 3.0496735044677115], [0.08330511912689054, 0.9539196706307825, 0.28826640302143114, -0.337849573682676], [-0.8345559295760161, -0.09130103136676349, 0.5433051831897766, 0.6626831661881412], [0.0, 0.0, 0.0, 1.0]]}, {"file_path": "rgb/16_31_23_170", "transform_matrix": [[0.9631994950941294, -0.1198609156453607, 0.24058282056512187, 1.0659034858748002], [0.03098564411342181, 0.9386145401166162, 0.3435733326970382, -0.07927107162829497], [-0.2669955477330854, -0.3234750469237605, 0.9077870188036292, 2.244694604847323], [0.0, 0.0, 0.0, 1.0]]}, {"file_path": "rgb/16_16_13_071", "transform_matrix": [[-0.40059400362097686, -0.42731100302836433, 0.8105120301104788, 3.3704082673260944], [0.07031678328759167, 0.8676452523943506, 0.49218621068212526, 0.4659215017011475], [-0.9135534982971728, 0.2541594434374548, -0.31752635018303704, -2.8470612102139126], [0.0, 0.0, 0.0, 1.0]]}, {"file_path": "rgb/16_01_30_819", "transform_matrix": [[0.25416869911790196, 0.5510032483383982, -0.7948545104037887, -3.689392766366986], [-0.10651973717377926, 0.8327923532453002, 0.5432406851190218, 0.7227944150334956], [0.9612761403369702, -0.053407084705014936, 0.27036247025459914, -0.5984989614892913], [0.0, 0.0, 0.0, 1.0]]}, {"file_path": "rgb/16_22_57_258", "transform_matrix": [[0.33637362976205526, -0.3241717175886911, 0.8841750271955758, 3.5187066301245293], [0.0908962923617733, 0.9456776295074891, 0.3121404893377008, -0.2573666242170815], [-0.937331662345609, -0.024627597623278593, 0.3475670240395701, -0.09312838318052628], [0.0, 0.0, 0.0, 1.0]]}, {"file_path": "rgb/16_30_58_204", "transform_matrix": [[0.9618647025203718, -0.03155432738675407, 0.2716995003097465, 1.2817706340577646], [0.02949285761662916, 0.9994968827010731, 0.01166845407253558, -1.5356820519884022], [-0.271930993810933, -0.0032102794282073735, 0.9623113990341127, 2.9068536623178463], [0.0, 0.0, 0.0, 1.0]]}, {"file_path": "rgb/16_02_35_557", "transform_matrix": [[-0.04196076708950683, 0.42034856251494085, -0.9063919571669214, -3.893713992741224], [-0.11449035060389212, 0.8991920801524016, 0.4223097945937255, 0.27751834100838724], [0.9925377844917834, 0.12149357589115374, 0.01039506485417364, -1.5611531203127993], [0.0, 0.0, 0.0, 1.0]]}, {"file_path": "rgb/15_59_22_214", "transform_matrix": [[0.4695947373189252, 0.5926616430650048, -0.6543951096408487, -3.0607907895904227], [-0.09387137721673516, 0.7705182590273325, 0.6304679032630619, 0.9464530707861468], [0.8778775240441021, -0.23463543923494806, 0.41746528410542094, 0.6179058656909971], [0.0, 0.0, 0.0, 1.0]]}, {"file_path": "rgb/15_55_43_460", "transform_matrix": [[0.6519571614679903, 0.07677585493443075, -0.7543588852195537, -3.3007465776444525], [-0.0828216470265995, 0.9961186638438166, 0.02980238792129171, -1.5318514540506802], [0.7537190686153575, 0.04304736508889966, 0.6557853993224467, 2.315960329556013], [0.0, 0.0, 0.0, 1.0]]}, {"file_path": "rgb/16_22_38_586", "transform_matrix": [[0.33316396611348376, -0.12123991330348444, 0.9350415258723526, 4.242604497258892], [0.09051020137070064, 0.9912309736676419, 0.09627595904343836, -1.1804315698614318], [-0.9385146110377657, 0.05255511644038256, 0.3412158914889065, 0.08986680411653682], [0.0, 0.0, 0.0, 1.0]]}, {"file_path": "rgb/16_18_01_092", "transform_matrix": [[-0.14567121070543068, -0.6917751339261499, 0.7072673203627258, 2.918619457610778], [0.09129402334800679, 0.7024434636338076, 0.7058601714922532, 1.1794700755761096], [-0.9851118208977838, 0.16739278502849653, -0.03917085457142846, -1.650845646421628], [0.0, 0.0, 0.0, 1.0]]}, {"file_path": "rgb/16_26_14_343", "transform_matrix": [[0.7375806148554844, -0.4652542055238135, 0.4894010225079333, 2.178521868470401], [0.06979839200055311, 0.773407782898525, 0.6300544308439749, 0.9185624209583966], [-0.6716420334252039, -0.43055653007984107, 0.6029245834613681, 0.9398659617312859], [0.0, 0.0, 0.0, 1.0]]}, {"file_path": "rgb/16_23_04_996", "transform_matrix": [[0.33755211185846185, -0.42637051882216137, 0.8392060250374831, 3.4398926518142403], [0.09200404726141118, 0.9022083595862311, 0.4213731495720174, 0.20045635655048955], [-0.9367997796046987, -0.06502504572887643, 0.3437701504792775, -0.07793626925160153], [0.0, 0.0, 0.0, 1.0]]}, {"file_path": "rgb/16_11_41_529", "transform_matrix": [[-0.8750161965787457, -0.19958156860757928, 0.4410372469497372, 1.7065242740157323], [0.007334393863083025, 0.9054874882974202, 0.4243095747252126, 0.152085099910836], [-0.48403807948499933, 0.3745124911254199, -0.7908524082276701, -4.375583698017646], [0.0, 0.0, 0.0, 1.0]]}, {"file_path": "rgb/16_31_31_600", "transform_matrix": [[0.9630718690575866, -0.1601875843296108, 0.21640820884747025, 0.9875013977345892], [0.03282312033385859, 0.8676173186155947, 0.4961479932538624, 0.4653862187394089], [-0.26723625839596604, -0.470722982511933, 0.8408356890222933, 2.0440601746575067], [0.0, 0.0, 0.0, 1.0]]}, {"file_path": "rgb/16_22_02_913", "transform_matrix": [[0.10902271385269963, -0.6943394320428868, 0.7113415501533374, 3.1468824257726515], [0.09630148352971864, 0.719618599109618, 0.6876591423703214, 1.1257841047125], [-0.9893634681623166, -0.006467219330736268, 0.1453206899927208, -0.8757219795207688], [0.0, 0.0, 0.0, 1.0]]}, {"file_path": "rgb/15_51_51_021", "transform_matrix": [[0.9686353794491194, 0.08113251518066289, -0.2348680835275835, -0.9413870121227135], [-0.027814238727889806, 0.974655960157751, 0.2219732584185776, -0.6086835475197753], [0.24692482621933423, -0.20847847445103823, 0.946342884945578, 2.6698873462820085], [0.0, 0.0, 0.0, 1.0]]}, {"file_path": "rgb/16_01_22_877", "transform_matrix": [[0.25396604619663, 0.40781425423943196, -0.8770340822444626, -3.947725029614513], [-0.10816108965775624, 0.9130511727992217, 0.3932413184470988, 0.17589411669243754], [0.9611464123968304, -0.005008980844608269, 0.27599363044751657, -0.5834891829465408], [0.0, 0.0, 0.0, 1.0]]}, {"file_path": "rgb/16_32_47_013", "transform_matrix": [[0.999327596043878, -0.018646585174202913, 0.031569932633833904, 0.2881308054380432], [0.006975617569248314, 0.9419891007696466, 0.33557096833713185, -0.10690092855160689], [-0.0359957850961916, -0.33512510931372175, 0.941485775018813, 2.4485725323776695], [0.0, 0.0, 0.0, 1.0]]}, {"file_path": "rgb/16_11_57_481", "transform_matrix": [[-0.8744090706302481, -0.319459282970292, 0.36517741403823367, 1.486015400719314], [0.005939507925901517, 0.745544894570251, 0.6664289402673264, 1.0776771674457175], [-0.4851530680570234, 0.5849004844452943, -0.6500137874310947, -3.9771766863330282], [0.0, 0.0, 0.0, 1.0]]}, {"file_path": "rgb/16_04_52_270", "transform_matrix": [[-0.5422830780511289, 0.4743423608942097, -0.6934900056386536, -2.5697457654948392], [-0.0985398603404376, 0.7837884366843448, 0.6131603236054969, 1.0221875659026796], [0.8343973628814271, 0.4008428759267374, -0.37829357598999996, -3.4159183721898954], [0.0, 0.0, 0.0, 1.0]]}, {"file_path": "rgb/16_32_39_286", "transform_matrix": [[0.9992741636354556, -0.01433847031804329, 0.035292409376513206, 0.2902374101908004], [0.006175125058317198, 0.9751754781044426, 0.22134736215795725, -0.576780410549957], [-0.03759007476947803, -0.22096876515179778, 0.9745562021279811, 2.4767697851122166], [0.0, 0.0, 0.0, 1.0]]}]}