{"camera_angle_x": 0.5870227852179017, "w": 1079.0, "h": 1439.0, "frames": [{"file_path": "rgb/13_33_49_414", "transform_matrix": [[1.0, -5.593256297037585e-17, 2.868982485363582e-18, -0.1579084541446005], [-5.593256297037585e-17, 1.0, -5.092717087226332e-17, -1.897667867561614], [2.868982485363582e-18, -5.092717087226332e-17, 1.0000000000000002, 4.422117493324289], [0.0, 0.0, 0.0, 1.0]]}, {"file_path": "rgb/13_41_37_522", "transform_matrix": [[-0.6315464027076924, 0.29683004518696365, -0.7162688500146281, -2.907456805691772], [-0.034461151259925, 0.9121555785902382, 0.408392739284807, -0.1184271367890524], [0.7745718625671949, 0.28260241457038693, -0.5658394692827405, -2.0295888742177444], [0.0, 0.0, 0.0, 1.0]]}, {"file_path": "rgb/13_52_43_875", "transform_matrix": [[0.03868491756316407, -0.5617051193273734, 0.8264325962076716, 3.430185143323233], [0.12356907532085505, 0.823392716334974, 0.5538547808865263, 0.5253125437383905], [-0.9915816460471022, 0.08069568518783596, 0.10126226155180226, 0.2269058162248174], [0.0, 0.0, 0.0, 1.0]]}, {"file_path": "rgb/13_37_20_704", "transform_matrix": [[0.5755893992172366, 0.27807880428655113, -0.7690052159220393, -2.9521548944377445], [-0.06968675784392356, 0.953663659390908, 0.2926933216497165, -0.5338583426249277], [0.8147641372139197, -0.1148816929005845, 0.568297103059969, 1.9099988240002408], [0.0, 0.0, 0.0, 1.0]]}, {"file_path": "rgb/13_53_58_650", "transform_matrix": [[0.31741067908968723, -0.5376275869907218, 0.7811574991679704, 2.9555204218409195], [0.11233478152979572, 0.8392726494405623, 0.5319796206243919, 0.41808220290999604], [-0.9416110437215978, -0.08110485563486694, 0.32678837912932396, 1.3913232966011475], [0.0, 0.0, 0.0, 1.0]]}, {"file_path": "rgb/13_35_40_914", "transform_matrix": [[0.9608651694416823, 0.19235690727043245, -0.1993412811716651, -1.0521040964543684], [-0.030235424266178146, 0.7881257762197263, 0.6147711606585806, 0.6956681096753174], [0.2753614810993921, -0.5846850272440781, 0.7630986002105761, 2.8737053939042703], [0.0, 0.0, 0.0, 1.0]]}, {"file_path": "rgb/13_41_21_602", "transform_matrix": [[-0.6372541693345227, 0.13008823867456706, -0.7595947431521072, -3.5406665466900544], [-0.034765175960682564, 0.9797938555167245, 0.1969654366433229, -1.028069355083201], [0.7698691487559359, 0.1519244906202447, -0.619855179008443, -2.66998153127089], [0.0, 0.0, 0.0, 1.0]]}, {"file_path": "rgb/13_35_15_565", "transform_matrix": [[0.9548092823843112, 0.09607901060462633, -0.28126154730782604, -1.2914809555531266], [-0.028035452812347494, 0.9712048275586923, 0.23659077816410648, -0.738704024022236], [0.2958939804361743, -0.2180137762801398, 0.9300090030175567, 3.3648666279807804], [0.0, 0.0, 0.0, 1.0]]}, {"file_path": "rgb/13_54_06_394", "transform_matrix": [[0.3116992000651335, -0.6373435215043913, 0.7047246584838204, 2.701824746190266], [0.11097196580225237, 0.7610166688554311, 0.639170440907718, 0.751264706600169], [-0.943678351709278, -0.12102423443494398, 0.3079355503911429, 1.3345952932228229], [0.0, 0.0, 0.0, 1.0]]}, {"file_path": "rgb/13_41_07_908", "transform_matrix": [[-0.6092425827982328, 0.13180006495960467, -0.7819541023499921, -3.440879685960476], [-0.03830140459028844, 0.9800489161548758, 0.19503108559935792, -1.0080691646396451], [0.7920583802421063, 0.14877118276163898, -0.5920394053337612, -2.83099171417209], [0.0, 0.0, 0.0, 1.0]]}, {"file_path": "rgb/13_54_47_802", "transform_matrix": [[0.6099078703358125, -0.33614866186413384, 0.7176464776123309, 2.553555939026853], [0.09154000311203812, 0.9294013372916149, 0.3575382246289276, -0.242808977780775], [-0.7871675917698098, -0.15237201635310066, 0.5976202398679353, 2.320786993147786], [0.0, 0.0, 0.0, 1.0]]}, {"file_path": "rgb/13_34_59_367", "transform_matrix": [[0.9533363093279258, 0.033573634719950535, -0.30003781823080233, -1.586093869618469], [-0.030811554845656255, 0.9994280854562322, 0.013933775126768721, -1.8089078082690206], [0.3003340297152519, -0.004038942062169501, 0.9538255383150613, 4.025110394326121], [0.0, 0.0, 0.0, 1.0]]}, {"file_path": "rgb/13_56_02_668", "transform_matrix": [[0.8170668305794095, -0.388516518509776, 0.42597735762826777, 1.3053977799100431], [0.060911532296003115, 0.7928830860148474, 0.6063218593659022, 0.6486697571604754], [-0.5733162997859658, -0.4694585463665721, 0.6715036065749118, 2.615504164220185], [0.0, 0.0, 0.0, 1.0]]}, {"file_path": "rgb/13_47_01_581", "transform_matrix": [[-0.9963579464016878, -0.012107809810721936, 0.08440523433886614, 0.17799318437237321], [0.055355248710098795, 0.6610810424405694, 0.7482697720514528, 1.2730146996334033], [-0.06485860839128915, 0.7502168061749069, -0.6580031190277655, -3.0617966159302603], [0.0, 0.0, 0.0, 1.0]]}, {"file_path": "rgb/13_39_17_408", "transform_matrix": [[-0.030204796827384552, 0.13784824777527535, -0.9899926923133834, -4.60155832525764], [-0.07814039945030109, 0.9870877645238366, 0.1398278337852739, -1.268264988875658], [0.9964846954280646, 0.08158189574054436, -0.019043268233555597, -0.2360142451964327], [0.0, 0.0, 0.0, 1.0]]}, {"file_path": "rgb/13_40_44_826", "transform_matrix": [[-0.3127169227292926, 0.581513985865879, -0.7510323631382996, -3.0785847740859587], [-0.06797724773431403, 0.7749592778144869, 0.628344818964648, 0.827068353183154], [0.9474107979272711, 0.2475471712050588, -0.20281316032048807, -0.9131942196849795], [0.0, 0.0, 0.0, 1.0]]}, {"file_path": "rgb/13_51_02_763", "transform_matrix": [[-0.24271558315271266, -0.3949358464337023, 0.886067053273359, 3.7000708337511012], [0.13227549468269145, 0.891375473257218, 0.43353541860143335, 0.0969558047636723], [-0.9610371164535159, 0.22243075973697052, -0.1641103833447055, -1.033511553952234], [0.0, 0.0, 0.0, 1.0]]}, {"file_path": "rgb/13_49_28_989", "transform_matrix": [[-0.5055515442287016, -0.05493629611748298, 0.8610456663248862, 4.099638443930724], [0.12798759921256336, 0.9821546305476513, 0.13780949220431477, -1.2409161285552814], [-0.8532507313655111, 0.17987296923856855, -0.48949862549502804, -2.7590726104361756], [0.0, 0.0, 0.0, 1.0]]}, {"file_path": "rgb/13_47_37_574", "transform_matrix": [[-0.9183347896087083, -0.07924239637069366, 0.3877909963005318, 1.307193110168921], [0.09152086372989016, 0.9106896866481206, 0.4028253047350465, -0.10754718468145498], [-0.38507810337185383, 0.4054194584010221, -0.8290656892269501, -3.379710669505575], [0.0, 0.0, 0.0, 1.0]]}, {"file_path": "rgb/13_42_02_367", "transform_matrix": [[-0.6143064551888885, 0.5709001166084431, -0.5447023370334741, -2.3541107073595313], [-0.04351946701362584, 0.6647474883795048, 0.7457994587581774, 1.189428548475969], [0.7878665084290053, 0.48185457718030067, -0.3835134043893143, -1.454700593303504], [0.0, 0.0, 0.0, 1.0]]}, {"file_path": "rgb/13_36_36_789", "transform_matrix": [[0.8313261596025818, 0.3862288072956934, -0.39965500719416536, -1.905619051878999], [-0.05522115878635425, 0.7729235864241026, 0.6320915702424728, 0.7792951495098619], [0.5530347547692771, -0.50340484499481, 0.6638795990637432, 2.217210935436979], [0.0, 0.0, 0.0, 1.0]]}, {"file_path": "rgb/13_38_16_820", "transform_matrix": [[0.27437332615141224, 0.12601962574726444, -0.9533301274076729, -4.55559865195278], [-0.0825313029616495, 0.9908039107597365, 0.10722030803287468, -1.4261839377637224], [0.9580750815714095, 0.04926118502159175, 0.2822507284706371, 1.2144589390826697], [0.0, 0.0, 0.0, 1.0]]}, {"file_path": "rgb/13_38_56_184", "transform_matrix": [[0.3033035970430774, 0.672248577907282, -0.6753434515284552, -3.0441275672058548], [-0.08719275646757847, 0.7253349540410802, 0.6828518343431538, 0.9449128650705026], [0.9488963859349006, -0.14822636050264762, 0.27861190716088047, 1.0894022295686263], [0.0, 0.0, 0.0, 1.0]]}, {"file_path": "rgb/13_50_17_662", "transform_matrix": [[-0.5323908728057619, -0.5545585509917961, 0.6395504452934095, 2.8651679930511915], [0.11982452574715471, 0.6985459261639486, 0.7054613186201073, 1.0933738515742901], [-0.8379749647707793, 0.45221499594952724, -0.3054497599537128, -1.8198426235210323], [0.0, 0.0, 0.0, 1.0]]}, {"file_path": "rgb/13_37_45_451", "transform_matrix": [[0.5931816422260491, 0.5630248936907757, -0.5754463558060798, -2.3629924027737124], [-0.07556180921622412, 0.7505599776627508, 0.6564679222314383, 0.8553547007247254], [0.8015147860856827, -0.3459229524263765, 0.48776157974018464, 1.6665532998224788], [0.0, 0.0, 0.0, 1.0]]}, {"file_path": "rgb/13_48_17_106", "transform_matrix": [[-0.7456247955747529, -0.02510528864142824, 0.6658929258569568, 2.7045740347048466], [0.11521337439329278, 0.9793835285141005, 0.1659330661326458, -1.1446558884097926], [-0.656330360858782, 0.20044357948684868, -0.7273601782181097, -3.2965639945971383], [0.0, 0.0, 0.0, 1.0]]}, {"file_path": "rgb/13_51_19_861", "transform_matrix": [[-0.2587959038349324, -0.6398199341154321, 0.723640195170766, 3.1560851984611284], [0.12706588152739948, 0.7201021020859537, 0.6821343154563152, 0.9823399047451308], [-0.9575379584694936, 0.26848354601337276, -0.1050601904155891, -0.808291565182083], [0.0, 0.0, 0.0, 1.0]]}, {"file_path": "rgb/13_52_27_254", "transform_matrix": [[0.053877984106400885, -0.3036152678399066, 0.951270167703756, 3.7780044643155124], [0.12555214495486727, 0.947153292445036, 0.29519027678390775, -0.5378940332515], [-0.9906229462948365, 0.1035297529458554, 0.08915025815502574, 0.14621215845554755], [0.0, 0.0, 0.0, 1.0]]}, {"file_path": "rgb/13_47_45_531", "transform_matrix": [[-0.9206564860482114, -0.12313694407429618, 0.37044423021745476, 1.285570486920678], [0.089373482625041, 0.8572568751446294, 0.5070730032458214, 0.36855240821760293], [-0.3800052832538392, 0.4999479403110977, -0.7782339247796003, -3.258775728921364], [0.0, 0.0, 0.0, 1.0]]}, {"file_path": "rgb/13_43_34_124", "transform_matrix": [[-0.8306636334463859, 0.4145125233520979, -0.371722068290173, -1.5853149087182494], [-0.013141243166796962, 0.652852563347487, 0.7573710043688275, 1.2307231159331162], [0.5566194712707047, 0.6340054404458151, -0.5368536725099579, -2.0158303299495697], [0.0, 0.0, 0.0, 1.0]]}, {"file_path": "rgb/13_37_37_100", "transform_matrix": [[0.5873309579516351, 0.48109758761860855, -0.6508359678284302, -2.610666445736138], [-0.07258402779708066, 0.8322195752645057, 0.5496745741393888, 0.5246766717532357], [0.8060855443067856, -0.2756005982107455, 0.5237083210390227, 1.7998399355908963], [0.0, 0.0, 0.0, 1.0]]}, {"file_path": "rgb/13_49_59_883", "transform_matrix": [[-0.5185717527835499, -0.338651732806308, 0.785110400569424, 3.3406110900729087], [0.12592918286541704, 0.8779580901503398, 0.4618781580053511, 0.21919763038525092], [-0.845709866394998, 0.33838527717212014, -0.41263812969150404, -2.1998927795993843], [0.0, 0.0, 0.0, 1.0]]}, {"file_path": "rgb/13_39_57_924", "transform_matrix": [[-1.1132950943505668e-05, 0.708465118916109, -0.705745829003077, -3.0427478763462483], [-0.08476271342491545, 0.7032052979893787, 0.7059161361610277, 1.0469979972537993], [0.9964011653389926, 0.05982879038433133, 0.06004359709614905, 0.09692805073524705], [0.0, 0.0, 0.0, 1.0]]}, {"file_path": "rgb/13_53_41_773", "transform_matrix": [[0.3327876125329899, -0.29318173406282144, 0.8962683056744277, 3.2812531878671756], [0.11529919723065299, 0.9559611204651621, 0.26989707533976504, -0.6521712448409643], [-0.9359265462965349, 0.013520612815582077, 0.3519356375340974, 1.4205098470202937], [0.0, 0.0, 0.0, 1.0]]}, {"file_path": "rgb/13_45_07_133", "transform_matrix": [[-0.9961955738899269, 0.046764782508325026, 0.0735352546678663, 0.459529984806028], [0.06095595961269266, 0.9769718598088368, 0.20447580817631802, -0.9409375101306221], [-0.06227960781680233, 0.2081803070864573, -0.9761056347504471, -4.657041807339853], [0.0, 0.0, 0.0, 1.0]]}, {"file_path": "rgb/13_55_54_479", "transform_matrix": [[0.8203324585164091, -0.32480631300633545, 0.47069684143369195, 1.4677908529593913], [0.059948694041945555, 0.8673644710639974, 0.4940496214132114, 0.30238593370090683], [-0.5687361528750295, -0.3770672796293823, 0.730998943259023, 2.814221890345227], [0.0, 0.0, 0.0, 1.0]]}, {"file_path": "rgb/13_44_15_060", "transform_matrix": [[-0.968145400807313, 0.13107073809173678, -0.21334231767686118, -0.8236805128549674], [0.028887118387595105, 0.9048236723161245, 0.42480543359004225, -0.0506693373571905], [0.24871674106683794, 0.4051105819803403, -0.8797871328228448, -3.1534473149697755], [0.0, 0.0, 0.0, 1.0]]}, {"file_path": "rgb/13_40_36_382", "transform_matrix": [[-0.3226620597409519, 0.4468318770872037, -0.8344042598300011, -3.368990734472432], [-0.06377694468689027, 0.8692877718287992, 0.4901747352478776, 0.29087624773654097], [0.9443631168836125, 0.2113765440337395, -0.251988611056573, -1.0818267248649776], [0.0, 0.0, 0.0, 1.0]]}, {"file_path": "rgb/13_36_11_546", "transform_matrix": [[0.8188687753668121, 0.18938675550208225, -0.5418363088328907, -2.3394842521170656], [-0.05150551239916658, 0.9644340624272866, 0.25925686379052726, -0.643070115669178], [0.571665208773244, -0.1843897938346784, 0.7994994015056223, 2.631098153780431], [0.0, 0.0, 0.0, 1.0]]}, {"file_path": "rgb/13_43_17_050", "transform_matrix": [[-0.8396792476394949, 0.28210740003836515, -0.4640626853423636, -1.9136654628862515], [-0.005651627069718612, 0.8499119867446647, 0.5268943669268082, 0.41185248952179876], [0.5430532388219745, 0.4450449748411174, -0.7120590917709237, -2.601731145338122], [0.0, 0.0, 0.0, 1.0]]}, {"file_path": "rgb/13_46_35_841", "transform_matrix": [[-0.994159740322149, 0.021660144743960608, 0.10572250873048519, 0.21218586855888807], [0.0638289496811275, 0.9079465433110019, 0.41419674029645287, -0.03171582794578295], [-0.0870188250047135, 0.41852588046532296, -0.9040264440134069, -3.812653445035579], [0.0, 0.0, 0.0, 1.0]]}, {"file_path": "rgb/13_44_40_447", "transform_matrix": [[-0.963049188456364, 0.21801393894807328, -0.15813343428220383, -0.6141739425779659], [0.02237392420935032, 0.6498784072782581, 0.7597088016266158, 1.2503547943511035], [0.26839461270489856, 0.728098879396075, -0.6307427000712473, -2.3284653064605036], [0.0, 0.0, 0.0, 1.0]]}, {"file_path": "rgb/13_39_33_010", "transform_matrix": [[-0.022992568851625213, 0.3552902730639341, -0.9344732011372816, -3.756349657578778], [-0.07726723933456237, 0.9312928716173944, 0.3559822481532507, -0.30536906553943677], [0.9967452610889198, 0.08038911083462887, 0.0060394830903822815, -0.07758064176842548], [0.0, 0.0, 0.0, 1.0]]}, {"file_path": "rgb/13_52_52_396", "transform_matrix": [[0.03144391732271647, -0.6670089529730542, 0.7443858789077021, 3.1600962745305505], [0.12049855691543387, 0.7418518693636509, 0.6596483166831814, 0.8562600407031502], [-0.9922153888368695, 0.06895549706474992, 0.10370034512890082, 0.24260349534634804], [0.0, 0.0, 0.0, 1.0]]}, {"file_path": "rgb/13_54_23_476", "transform_matrix": [[0.6211702059800122, -0.07484442886114454, 0.780093511491538, 3.1983921811580593], [0.09165345429386465, 0.9955359880939602, 0.022533102888523115, -1.8001056828248703], [-0.7782976419845763, 0.057501372837797306, 0.6252570452246154, 2.7578878455820734], [0.0, 0.0, 0.0, 1.0]]}, {"file_path": "rgb/13_38_31_767", "transform_matrix": [[0.2820257101951177, 0.3351836678756299, -0.8989512820939624, -3.730710575123367], [-0.0807932174985544, 0.9419556183262617, 0.3258712462151595, -0.43211241088634816], [0.9559989303316037, -0.01927490319117657, 0.2927362692113842, 1.1258818850275334], [0.0, 0.0, 0.0, 1.0]]}, {"file_path": "rgb/13_44_23_334", "transform_matrix": [[-0.9671899325375234, 0.15841500630581634, -0.19861601188018216, -0.774876177265417], [0.03056994247736036, 0.848673743468287, 0.5280325328655942, 0.42575457384137405], [0.2522084713386754, 0.5046360697816319, -0.8256714383217797, -3.0047765827723607], [0.0, 0.0, 0.0, 1.0]]}, {"file_path": "rgb/13_39_49_609", "transform_matrix": [[-0.007159888206848734, 0.6072491753825856, -0.7944791847481185, -3.339886574026332], [-0.08095294914589136, 0.7915398196068343, 0.6057320645313099, 0.7359103379952437], [0.9966922072663398, 0.0686524069057315, 0.04349127499397673, 0.05167050505222013], [0.0, 0.0, 0.0, 1.0]]}, {"file_path": "rgb/13_35_55_100", "transform_matrix": [[0.8161047987914211, 0.0676748431339431, -0.5739277593882437, -2.8528166911715505], [-0.05455291879535045, 0.9977064561002491, 0.04007251560345684, -1.6858861563185363], [0.5753233320842477, -0.001393937831320816, 0.81792488683057, 3.185217548302216], [0.0, 0.0, 0.0, 1.0]]}, {"file_path": "rgb/13_57_05_930", "transform_matrix": [[0.952085502822825, -0.20384831283686458, 0.22798916787464224, 0.32544166704063393], [0.026633843865353484, 0.7979048771987662, 0.6021946905307103, 0.6475166214004339], [-0.30467004065966835, -0.5672686068310019, 0.7651029303488843, 2.8968719548656376], [0.0, 0.0, 0.0, 1.0]]}, {"file_path": "rgb/13_34_45_556", "transform_matrix": [[0.9995682656511004, -0.01588289580436073, 0.024718736296966217, -0.062341421517387675], [-0.002332428171952179, 0.7957488459296458, 0.605622270049954, 0.6324108227646238], [-0.02928894129315409, -0.6054184567904289, 0.7953682481061348, 3.194203055083987], [0.0, 0.0, 0.0, 1.0]]}, {"file_path": "rgb/13_56_16_858", "transform_matrix": [[0.9611085260035382, -0.029793916162443933, 0.27455914445345087, 0.6236405665504847], [0.030675629400792687, 0.9995288057357699, 0.0010827120072956725, -1.8624282836938246], [-0.274462031990166, 0.007381670822434583, 0.9615696043093801, 4.089067731324286], [0.0, 0.0, 0.0, 1.0]]}, {"file_path": "rgb/13_34_28_744", "transform_matrix": [[0.9999227835799869, -0.0053448150601787545, 0.011218726738037548, -0.08531804647411685], [0.0012364223235930213, 0.9410908594867198, 0.3381515421381144, -0.3127790026938117], [-0.012365198643288808, -0.3381115602024273, 0.9410248002682992, 3.6868716135354616], [0.0, 0.0, 0.0, 1.0]]}, {"file_path": "rgb/13_36_28_619", "transform_matrix": [[0.8273201174019736, 0.3300547308990045, -0.45453855496884976, -2.0836351416537933], [-0.0533260387525277, 0.8516676409828245, 0.5213622185138799, 0.433303924191924], [0.5591938455785689, -0.40709471123306984, 0.722202284095748, 2.4284016825434365], [0.0, 0.0, 0.0, 1.0]]}, {"file_path": "rgb/13_34_37_557", "transform_matrix": [[0.9997531750993246, -0.010349327153992649, 0.01965910237723784, -0.06947113172048848], [-0.0007134911475589001, 0.8694602502213165, 0.49400239292484044, 0.28527018959376055], [-0.02220540045127409, -0.49389448742878844, 0.8692382616281067, 3.444707307697571], [0.0, 0.0, 0.0, 1.0]]}, {"file_path": "rgb/13_49_07_061", "transform_matrix": [[-0.759788414916215, -0.34110247997960425, 0.5535075995059772, 2.4773548050964704], [0.10953353969634906, 0.7720051573727442, 0.6261073715198319, 0.895250581321335], [-0.640877498622548, 0.5363367739971295, -0.5491984127960116, -2.921190629453403], [0.0, 0.0, 0.0, 1.0]]}, {"file_path": "rgb/13_43_50_853", "transform_matrix": [[-0.9704801985114825, 0.0807435543212763, -0.2272634214577435, -1.0000800650237933], [0.030884282265874606, 0.9761420962127222, 0.21492503137223062, -0.9459959347627358], [0.2391952035598428, 0.20156161945419965, -0.949820282030746, -4.052210998863282], [0.0, 0.0, 0.0, 1.0]]}, {"file_path": "rgb/13_47_53_903", "transform_matrix": [[-0.9244677130574768, -0.17873194246722182, 0.33677045632919256, 1.1849559674711492], [0.08691138478861166, 0.7612584449215426, 0.6425978456466849, 0.8968642537922598], [-0.3712221150583633, 0.6233301474961149, -0.6882250129965249, -2.9467408050061965], [0.0, 0.0, 0.0, 1.0]]}, {"file_path": "rgb/13_50_08_773", "transform_matrix": [[-0.5267963838400821, -0.4646312054523422, 0.7117607834749792, 3.1039690024170223], [0.12281618238081024, 0.7869786042948009, 0.6046328321614789, 0.7768216606632763], [-0.8410717896341647, 0.40593413172842585, -0.3575132520333654, -1.9938668199621066], [0.0, 0.0, 0.0, 1.0]]}, {"file_path": "rgb/13_53_50_240", "transform_matrix": [[0.3274390012544767, -0.3979143333660533, 0.8569993487508145, 3.2166782780933203], [0.11480030191059501, 0.917034721782286, 0.38192696910132135, -0.15808906555623234], [-0.937872374653773, -0.026674001340909297, 0.34595361902104477, 1.438435140189819], [0.0, 0.0, 0.0, 1.0]]}, {"file_path": "rgb/13_38_40_119", "transform_matrix": [[0.2874158301722775, 0.4393423071794398, -0.8510995697852435, -3.6316056915520867], [-0.0821986770129654, 0.8966288366044682, 0.4350863211670021, 0.05790682517756203], [0.954272245254832, -0.05509143755216503, 0.29381867783505045, 1.158617895122038], [0.0, 0.0, 0.0, 1.0]]}, {"file_path": "rgb/13_55_20_675", "transform_matrix": [[0.8341203926702294, -0.05589578423868838, 0.5487429560696009, 2.0303703917917195], [0.06330672350859413, 0.9979793678457425, 0.005425874382861947, -1.8522466621746405], [-0.5479374319119552, 0.03021328612637473, 0.835973521142373, 3.6215154567987673], [0.0, 0.0, 0.0, 1.0]]}, {"file_path": "rgb/13_43_25_823", "transform_matrix": [[-0.8343022434257636, 0.3593732874674204, -0.4180796656973366, -1.744456135628824], [-0.009664133263120276, 0.7486924506267599, 0.6628470554379566, 0.9413458166818809], [0.5512226148689936, 0.5570551630039484, -0.6211627598525479, -2.2906146283790325], [0.0, 0.0, 0.0, 1.0]]}, {"file_path": "rgb/13_38_48_174", "transform_matrix": [[0.2968094980026214, 0.5760750845492821, -0.7616046342144777, -3.3258654339788927], [-0.08469515808396906, 0.8102821577305851, 0.5798875365625638, 0.6201254438794918], [0.9511734080032738, -0.10761190373283265, 0.2892902108306332, 1.140256126934468], [0.0, 0.0, 0.0, 1.0]]}, {"file_path": "rgb/13_55_05_405", "transform_matrix": [[0.5969084488033666, -0.5391114962736194, 0.5941877635333616, 2.1211628892828247], [0.08717389620454466, 0.7797924254229255, 0.619939097874582, 0.6822262321067272], [-0.7975594119359875, -0.3182492228406075, 0.5124611366666467, 2.045059625414584], [0.0, 0.0, 0.0, 1.0]]}, {"file_path": "rgb/13_34_20_129", "transform_matrix": [[0.9999763605825125, -0.0019652643744932294, 0.006589082795870528, -0.1036330397754141], [0.0004502650606549897, 0.9749431262373354, 0.22245381063031103, -0.8176099329727435], [-0.006861161529044723, -0.22244558511804513, 0.9749209640396309, 3.723336460541763], [0.0, 0.0, 0.0, 1.0]]}, {"file_path": "rgb/13_41_54_049", "transform_matrix": [[-0.6201982800678275, 0.49181286926220924, -0.6111253513224438, -2.5854641652184487], [-0.039024487410947356, 0.7587458893850506, 0.6502167059708641, 0.8946887742660247], [0.7834737920206524, 0.42711213629369205, -0.45138015048007746, -1.6701781960281095], [0.0, 0.0, 0.0, 1.0]]}, {"file_path": "rgb/13_55_46_311", "transform_matrix": [[0.8260447634614393, -0.24023525063718654, 0.5098402427321944, 1.6081014802113442], [0.062456110722067124, 0.9380530307042304, 0.3408162933606329, -0.2859607258178157], [-0.560133272526644, -0.24968687578224116, 0.789877953275502, 3.00255492532661], [0.0, 0.0, 0.0, 1.0]]}, {"file_path": "rgb/13_41_45_879", "transform_matrix": [[-0.6275133459331939, 0.3800836838904115, -0.6795317460693222, -2.828159034541417], [-0.03617106117582571, 0.857581481803175, 0.5130747084018908, 0.36195205764280425], [0.7777651670068174, 0.3465406113409575, -0.5243957948747234, -1.9215200836308872], [0.0, 0.0, 0.0, 1.0]]}, {"file_path": "rgb/13_46_52_962", "transform_matrix": [[-0.9955892861296296, -0.002141322947348739, 0.09379439258255079, 0.19997765519446198], [0.059916806870513664, 0.754789996539089, 0.6532243392426248, 0.9747179765216302], [-0.07219383352015644, 0.6559630140949698, -0.7513325325986535, -3.3605415984242457], [0.0, 0.0, 0.0, 1.0]]}, {"file_path": "rgb/13_50_53_986", "transform_matrix": [[-0.23649428476273918, -0.28706397938904527, 0.9282589751852044, 3.774783541295608], [0.13388019676184082, 0.9366197490394144, 0.32375845722444857, -0.3958660652322408], [-0.9623650794732587, 0.20084251902092373, -0.1830730355998902, -1.0935957831774499], [0.0, 0.0, 0.0, 1.0]]}, {"file_path": "rgb/13_40_11_728", "transform_matrix": [[-0.3358632251812361, 0.14063549619730206, -0.9313525386126332, -4.24557804491343], [-0.06229272311176655, 0.9833094270679905, 0.17094498321548007, -1.1294670413925456], [0.9398486636784557, 0.11543061919854102, -0.3214969075018645, -1.5731014998137491], [0.0, 0.0, 0.0, 1.0]]}, {"file_path": "rgb/13_37_04_001", "transform_matrix": [[0.5705978000003135, 0.10129192200015034, -0.8149589542868506, -3.663416023885601], [-0.07273398201439542, 0.9946976932657998, 0.07270671820421122, -1.5545315222590508], [0.8180023951646666, 0.017788916471004737, 0.5749396802758145, 2.253374916389175], [0.0, 0.0, 0.0, 1.0]]}, {"file_path": "rgb/13_46_44_234", "transform_matrix": [[-0.9946541461102624, 0.010427744823855488, 0.10273456946691684, 0.2193012011576572], [0.062435925028950595, 0.8531634826724803, 0.5178936445834641, 0.44623335061823194], [-0.08224892030563978, 0.5215393887062152, -0.8492536612440971, -3.692294286752473], [0.0, 0.0, 0.0, 1.0]]}, {"file_path": "rgb/13_49_14_973", "transform_matrix": [[-0.7645826634818731, -0.4111415407985548, 0.496362754578499, 2.304482866025147], [0.10538307463807621, 0.6800116045986282, 0.725588468204274, 1.2110161624487872], [-0.6358519940070885, 0.6070805968246632, -0.47659772416181356, -2.6762231150209073], [0.0, 0.0, 0.0, 1.0]]}, {"file_path": "rgb/13_37_28_930", "transform_matrix": [[0.5800660471072757, 0.3653899006556955, -0.7280203304112876, -2.867703352572339], [-0.06950651462883342, 0.9126915423610161, 0.4026946646366463, -0.04390369892713358], [0.8115985617394176, -0.1829873465611493, 0.5548183536807507, 1.9147635659383997], [0.0, 0.0, 0.0, 1.0]]}, {"file_path": "rgb/13_55_38_149", "transform_matrix": [[0.8287587866050345, -0.17778887386375677, 0.5306128437525877, 1.6403204135489646], [0.06279906392378301, 0.9717482208361947, 0.22751191808779353, -0.7805863871202199], [-0.556071174576823, -0.15523051127902482, 0.8165098512405133, 3.0231926620176957], [0.0, 0.0, 0.0, 1.0]]}, {"file_path": "rgb/13_53_25_038", "transform_matrix": [[0.3408319583333289, -0.08556680311514972, 0.9362221415792947, 4.003447896391537], [0.11375111918845288, 0.9922863464075782, 0.049279707958490314, -1.696651804881399], [-0.9332171553620531, 0.08970021704406812, 0.34793621829324517, 1.6229580630439138], [0.0, 0.0, 0.0, 1.0]]}, {"file_path": "rgb/13_36_20_189", "transform_matrix": [[0.8216825157120978, 0.25085380255609674, -0.5117716415709107, -2.2706043608005], [-0.05120811691328316, 0.9267927709029952, 0.3720657046331251, -0.1442611712000643], [0.567640354569012, -0.2795130221386746, 0.7743751663887933, 2.607339775865029], [0.0, 0.0, 0.0, 1.0]]}, {"file_path": "rgb/13_43_08_801", "transform_matrix": [[-0.8424200868262685, 0.2234321454194141, -0.490312628539078, -1.970685194413767], [-0.0051803316431786595, 0.9065720770416924, 0.4220192333204478, -0.07129148396744195], [0.5387964007634879, 0.3580574612008379, -0.7625570752427133, -2.7248074722416664], [0.0, 0.0, 0.0, 1.0]]}, {"file_path": "rgb/13_48_02_680", "transform_matrix": [[-0.9269323769356664, -0.21990039097259204, 0.30403977805296595, 1.0830633764006619], [0.08404599495971674, 0.6680173447479564, 0.7393842694074045, 1.197820386303253], [-0.365694735154373, 0.7109125439644394, -0.6007251580501535, -2.6579701043237614], [0.0, 0.0, 0.0, 1.0]]}, {"file_path": "rgb/13_51_11_232", "transform_matrix": [[-0.25208269012229334, -0.5376783291993511, 0.8045845708501388, 3.425069204668599], [0.13000381643405273, 0.8050818815697672, 0.5787418869242698, 0.659851344411289], [-0.9589334309811548, 0.25048987659679456, -0.1330469716650239, -0.9084628103572382], [0.0, 0.0, 0.0, 1.0]]}, {"file_path": "rgb/13_39_41_538", "transform_matrix": [[-0.0170838188722839, 0.4640152553874102, -0.8856624559619172, -3.658717504663482], [-0.0771164477534247, 0.882541658458086, 0.4638677339198582, 0.18533187451518787], [0.9968757177394945, 0.07622377485934065, 0.02070602635853225, -0.01748158276201724], [0.0, 0.0, 0.0, 1.0]]}, {"file_path": "rgb/13_40_53_153", "transform_matrix": [[-0.3071883043258429, 0.6788268615407238, -0.666955349132297, -2.7904051929199736], [-0.06932124931166096, 0.6830184623046546, 0.727104080957366, 1.1365193668963707], [0.9491205982799465, 0.26959204773463946, -0.1627581571502946, -0.7904667102158773], [0.0, 0.0, 0.0, 1.0]]}, {"file_path": "rgb/13_54_56_546", "transform_matrix": [[0.601488295207142, -0.4542594720260632, 0.6571606826366047, 2.334875044848074], [0.08848080880562968, 0.8554203786218558, 0.5103206073749547, 0.3420959961816136], [-0.7939666096265684, -0.24880576342408828, 0.5547185907151924, 2.1904187562382083], [0.0, 0.0, 0.0, 1.0]]}, {"file_path": "rgb/13_38_02_606", "transform_matrix": [[0.3233442147893261, 0.12268782609771949, -0.9382943120842678, -4.645616435443228], [-0.08138597521621392, 0.9914909520959345, 0.10159731763192975, -1.3924347767149923], [0.9427750748722517, 0.043513092734406726, 0.3305779317503016, 0.9563983288871046], [0.0, 0.0, 0.0, 1.0]]}]}