{"camera_angle_x": 0.5869607316815062, "w": 1079.0, "h": 1439.0, "frames": [{"file_path": "rgb/18_05_33_602", "transform_matrix": [[1.0000000000000002, -2.514676390601181e-16, -4.883246506069716e-17, -0.19008679189192537], [-2.514676390601181e-16, 1.0000000000000002, -4.333843573309505e-17, -1.740742058349849], [-4.883246506069716e-17, -4.333843573309505e-17, 1.0, 4.660391577075649], [0.0, 0.0, 0.0, 1.0]]}, {"file_path": "rgb/18_53_09_451", "transform_matrix": [[0.9950044656608723, -0.06430388620279268, 0.07636179368074358, 0.3067397438077577], [0.006559494101733429, 0.8053741664343391, 0.5927304826625022, 0.38886589745276745], [-0.09961468943911582, -0.5892685824472673, 0.8017726930923357, 2.971641085472961], [0.0, 0.0, 0.0, 1.0]]}, {"file_path": "rgb/18_34_53_470", "transform_matrix": [[-0.8218688779321228, -0.21030556313165055, 0.5294366039503443, 2.2811652847061854], [0.08509860949027764, 0.8736125897644054, 0.4791234388630453, 0.20738843597954515], [-0.5632848073127977, 0.4388309618987798, -0.7000982879064744, -3.3969399326283827], [0.0, 0.0, 0.0, 1.0]]}, {"file_path": "rgb/18_12_39_614", "transform_matrix": [[0.6940935558054752, 0.3106646536959438, -0.649400961450852, -2.6771384532223963], [-0.06721054885392641, 0.9261153206239334, 0.37120500404545065, -0.339268103970712], [0.7167404536595278, -0.2140044061453134, 0.6636906178622128, 3.1166812574063316], [0.0, 0.0, 0.0, 1.0]]}, {"file_path": "rgb/18_08_35_887", "transform_matrix": [[0.965883211534713, 0.08225378790339521, -0.24556859744464912, -1.0985689646925725], [-0.02555420147010383, 0.9738646151518451, 0.22568715989700067, -0.8491608792083833], [0.25771419142649915, -0.21171212938963188, 0.9427414119506438, 4.005969435107669], [0.0, 0.0, 0.0, 1.0]]}, {"file_path": "rgb/18_42_38_592", "transform_matrix": [[0.15047052528566557, -0.2943441105423831, 0.9437797230335417, 3.5296263394041394], [0.10216159925220626, 0.9541675293055875, 0.2812958116593677, -0.5884982339093965], [-0.9833217320178003, 0.05409131730586804, 0.17364475440861532, 0.3766587928401863], [0.0, 0.0, 0.0, 1.0]]}, {"file_path": "rgb/18_11_26_887", "transform_matrix": [[0.8704844716511874, 0.3319215227579125, -0.36343484607866405, -1.746062049915654], [-0.04810872655182175, 0.7922369277693672, 0.6083142285925235, 0.39522083294997656], [0.48983909097142875, -0.5120437022448603, 0.705598265266902, 3.3321389494139755], [0.0, 0.0, 0.0, 1.0]]}, {"file_path": "rgb/18_44_33_760", "transform_matrix": [[0.41613370763671514, -0.2724583393479315, 0.867524749323204, 3.3242126401733], [0.09253654550110044, 0.9617900804359873, 0.2576758213757357, -0.6652167522739048], [-0.904582624813921, -0.026949851478343487, 0.42544562565626587, 1.2622449917773817], [0.0, 0.0, 0.0, 1.0]]}, {"file_path": "rgb/18_21_36_579", "transform_matrix": [[-0.27137278414156546, 0.6579505865518649, -0.7024655419900059, -2.5010521457659975], [-0.07363436872971789, 0.7135221351626403, 0.6967525689760485, 0.8438208807838666], [0.9596534748381996, 0.24080529123963154, -0.14518271226962595, -1.2717503954554206], [0.0, 0.0, 0.0, 1.0]]}, {"file_path": "rgb/18_24_03_270", "transform_matrix": [[-0.7470588268496628, 0.09151962726810935, -0.658427875359718, -2.513241485972604], [-0.035942692708669705, 0.9834677935994217, 0.1774802011311005, -0.9038450466036717], [0.663785531679364, 0.15625382164091867, -0.7314188342911004, -3.6670869628280536], [0.0, 0.0, 0.0, 1.0]]}, {"file_path": "rgb/18_16_07_977", "transform_matrix": [[0.23433857744064276, 0.3160512044346956, -0.9193459997729224, -3.7529260854458886], [-0.08403037483876138, 0.9487241433577723, 0.30473167855429556, -0.5561878035900082], [0.9685165601204521, 0.005842600913921579, 0.2488805673149422, 1.419895621090836], [0.0, 0.0, 0.0, 1.0]]}, {"file_path": "rgb/18_27_15_915", "transform_matrix": [[-0.8859111327698267, 0.33166351659316257, -0.32428502369912104, -1.0455194054411394], [-0.013136860295588262, 0.6808884845044479, 0.7322692773637378, 1.004399475779465], [0.46366894195757463, 0.652985592054138, -0.5988496713146378, -3.123629010794778], [0.0, 0.0, 0.0, 1.0]]}, {"file_path": "rgb/18_33_40_896", "transform_matrix": [[-0.9467875967902593, -0.19011138071458178, 0.25971312921552653, 1.2731240811656956], [0.06158454553519627, 0.6850027563545977, 0.7259328946519968, 0.9828948861696538], [-0.3159123142825375, 0.7032985757908223, -0.6368441905012967, -3.3352588240858263], [0.0, 0.0, 0.0, 1.0]]}, {"file_path": "rgb/18_46_45_872", "transform_matrix": [[0.6334996848863791, -0.31741916675026405, 0.705636749204877, 2.8044533960529194], [0.07469037738140018, 0.9328064013500852, 0.35255292528488275, -0.3276615531104693], [-0.7701295324654692, -0.1706378919814477, 0.6146407186679428, 2.049669899416882], [0.0, 0.0, 0.0, 1.0]]}, {"file_path": "rgb/18_19_40_331", "transform_matrix": [[-0.015396022028206675, 0.6804656127907018, -0.732618258245781, -2.59538832811933], [-0.080638486608543, 0.7294734127945662, 0.6792392616032531, 0.7669400961650499], [0.9966245014965217, 0.0695348102407929, 0.04364072847222082, -0.43302385258280185], [0.0, 0.0, 0.0, 1.0]]}, {"file_path": "rgb/18_21_15_342", "transform_matrix": [[-0.27843341643050296, 0.5637262845078752, -0.7776165563886768, -2.7271620450219882], [-0.0728854223838455, 0.7948969231185804, 0.6023508917736756, 0.5530009170630766], [0.9576860382290047, 0.22439152785156471, -0.18023843765876868, -1.3622186991117127], [0.0, 0.0, 0.0, 1.0]]}, {"file_path": "rgb/18_14_13_353", "transform_matrix": [[0.48336419153458765, 0.2822673154449088, -0.8286641183094866, -3.355037868660879], [-0.07830382015990014, 0.9567374212456184, 0.28021780553107317, -0.6481831662005482], [0.8719102993373117, -0.07055968693105527, 0.4845552192368904, 2.3018106234468347], [0.0, 0.0, 0.0, 1.0]]}, {"file_path": "rgb/18_12_19_746", "transform_matrix": [[0.6889468534081885, 0.2335682085864128, -0.6861473056980478, -2.7216904604528827], [-0.06817519049412187, 0.9633409935716036, 0.25947306894081723, -0.7417203515592846], [0.7215984870965613, -0.13198493111794918, 0.6796143033940236, 3.127876613857202], [0.0, 0.0, 0.0, 1.0]]}, {"file_path": "rgb/18_25_56_458", "transform_matrix": [[-0.8987944757901355, 0.07337113285220821, -0.4321864958014289, -1.6108258980420123], [-0.010013476469090473, 0.9822002058599608, 0.18756994934598029, -0.8529459864474984], [0.43825588481860445, 0.1729145236023687, -0.8820614190345404, -4.344795104102054], [0.0, 0.0, 0.0, 1.0]]}, {"file_path": "rgb/18_39_01_692", "transform_matrix": [[-0.4028594224369655, -0.5021259847155377, 0.7652279276315034, 3.1012947211424677], [0.10686307785581967, 0.8045521258579394, 0.5841884622008993, 0.501958321050025], [-0.9090019627838735, 0.3171204380845261, -0.2704626765454757, -1.9788762680189513], [0.0, 0.0, 0.0, 1.0]]}, {"file_path": "rgb/18_25_02_543", "transform_matrix": [[-0.7326582220476967, 0.4096047303892755, -0.5435401498589014, -1.850130510166545], [-0.037452619732024454, 0.7731484320913162, 0.6331183169281616, 0.6821824753051924], [0.6795654721519602, 0.4842163429681698, -0.5511127854272799, -2.8198527836903877], [0.0, 0.0, 0.0, 1.0]]}, {"file_path": "rgb/18_50_53_219", "transform_matrix": [[0.938091692319537, -0.19313952577262453, 0.28754321481369155, 1.2402778984593776], [0.030127831979972538, 0.8724699942177228, 0.4877380679523726, 0.07229957783533336], [-0.34507432611142413, -0.44887997591121437, 0.8242757285548893, 2.949645247539556], [0.0, 0.0, 0.0, 1.0]]}, {"file_path": "rgb/18_36_26_925", "transform_matrix": [[-0.622391604895073, -0.213763238829897, 0.7529501762275427, 2.9492008327582266], [0.10174249833222808, 0.9317260918321671, 0.3486186366680256, -0.2383365362696733], [-0.7760651739314497, 0.2935843448212264, -0.5581496916478941, -2.9113935880475386], [0.0, 0.0, 0.0, 1.0]]}, {"file_path": "rgb/18_40_18_412", "transform_matrix": [[-0.12995911371166077, -0.2904563121089906, 0.9480220248070843, 3.639646109234132], [0.1093340552875078, 0.94610193052461, 0.30485603391108157, -0.43080109842886366], [-0.985472827183818, 0.14326991245076892, -0.0911978018851396, -1.260294332102373], [0.0, 0.0, 0.0, 1.0]]}, {"file_path": "rgb/18_37_26_249", "transform_matrix": [[-0.6415259750932689, -0.48866006652995075, 0.5913169730859871, 2.5792311432192423], [0.10025135189692799, 0.7108268660715482, 0.696185918353524, 0.8878431308494086], [-0.7605222480134739, 0.505901676069417, -0.407025066091372, -2.4511017236570734], [0.0, 0.0, 0.0, 1.0]]}, {"file_path": "rgb/18_51_14_383", "transform_matrix": [[0.9354724527806997, -0.23191470555461152, 0.26665869465663394, 1.1653968787758582], [0.03016260568581438, 0.8041952776380514, 0.5935993367945247, 0.39533360149790225], [-0.3521100783941071, -0.5472527065005486, 0.759297680703109, 2.7646000249993374], [0.0, 0.0, 0.0, 1.0]]}, {"file_path": "rgb/18_14_52_840", "transform_matrix": [[0.49842434976221905, 0.5016827047843114, -0.7070273200410339, -3.091762767011587], [-0.07775909868472386, 0.8381334398776973, 0.5398943040360009, 0.21563557347451395], [0.8634388745799255, -0.21411866027760296, 0.4567565097347556, 2.2212891797907672], [0.0, 0.0, 0.0, 1.0]]}, {"file_path": "rgb/18_07_15_652", "transform_matrix": [[0.9999375492653717, -0.005220844836491629, 0.009881313088643272, -0.1726456100865264], [0.0016518292331333788, 0.9435064141302878, 0.33135014403979157, -0.46388358671563285], [-0.011053009967745494, -0.3313131287380554, 0.9434561154057212, 4.07491541054866], [0.0, 0.0, 0.0, 1.0]]}, {"file_path": "rgb/18_42_59_767", "transform_matrix": [[0.14344280343646656, -0.4045154753709729, 0.9032117095829103, 3.4727158758263266], [0.10290812764946451, 0.9137989986667808, 0.39291386753240265, -0.19016167411368215], [-0.9842936957056916, 0.03658715923633688, 0.1727058203218587, 0.41413120709962015], [0.0, 0.0, 0.0, 1.0]]}, {"file_path": "rgb/18_46_26_143", "transform_matrix": [[0.639030308446962, -0.22984318720969227, 0.73403840102509, 2.850812878883926], [0.07346548855509333, 0.9681862658129224, 0.23920321210759452, -0.7286995026801365], [-0.7656651271133755, -0.0989316126651125, 0.6355859101159637, 2.0431275981472883], [0.0, 0.0, 0.0, 1.0]]}, {"file_path": "rgb/18_52_29_606", "transform_matrix": [[0.9966043526255753, -0.032917255658573626, 0.07547329731544578, 0.34684346162248586], [0.006013856541514007, 0.9432643900255878, 0.3319881384012895, -0.4102372144608847], [-0.0821194121828429, -0.33040693816801703, 0.9402593564294802, 3.352923818589221], [0.0, 0.0, 0.0, 1.0]]}, {"file_path": "rgb/18_50_13_478", "transform_matrix": [[0.9439795639759585, -0.09805883710184411, 0.315098472325705, 1.344052892050019], [0.028272700744971953, 0.9753532058509565, 0.21883047829049648, -0.8063188114745846], [-0.32879056736522155, -0.19766281466805075, 0.9234858821385195, 3.138152178068371], [0.0, 0.0, 0.0, 1.0]]}, {"file_path": "rgb/18_31_29_180", "transform_matrix": [[-0.9972890595852187, -0.014107996656006448, 0.0722183914386348, 0.4153679665127125], [0.035723742805043084, 0.7651969782133354, 0.642804323828939, 0.7298755342485461], [-0.06432997615131635, 0.6436416308502227, -0.7626185843557949, -3.7416446202391325], [0.0, 0.0, 0.0, 1.0]]}, {"file_path": "rgb/18_18_41_072", "transform_matrix": [[-0.040070777906692445, 0.3278463816713942, -0.9438808626002158, -3.14415838016266], [-0.07965800733696905, 0.9405847387414079, 0.3300832487628856, -0.37533195726938895], [0.996016533309089, 0.08841436123012965, -0.011574372691952531, -0.5345223240396019], [0.0, 0.0, 0.0, 1.0]]}, {"file_path": "rgb/18_26_16_624", "transform_matrix": [[-0.8970183619599411, 0.16670126821237252, -0.4093516159527049, -1.323149160947748], [-0.010333955422118887, 0.917985809716515, 0.3964785776362306, -0.10084523847440133], [0.4418724563401048, 0.35987878561468634, -0.8217274438598606, -3.6862296035701743], [0.0, 0.0, 0.0, 1.0]]}, {"file_path": "rgb/18_35_13_233", "transform_matrix": [[-0.8275846719206785, -0.29246768035198406, 0.479130740770692, 2.1647161809063284], [0.08395062942994597, 0.7794621597088153, 0.6207987060234466, 0.6439851960326997], [-0.5550278395001985, 0.5539868207201315, -0.6205180898637379, -3.1546026718981457], [0.0, 0.0, 0.0, 1.0]]}, {"file_path": "rgb/18_37_06_486", "transform_matrix": [[-0.6358079331556231, -0.41294989004563354, 0.6520894573965096, 2.750077549115943], [0.10115495069838108, 0.7929750240830007, 0.600798041882439, 0.5986894372307163], [-0.7651901385182529, 0.44795423816709695, -0.4624078853377751, -2.6280466472711677], [0.0, 0.0, 0.0, 1.0]]}, {"file_path": "rgb/18_10_45_787", "transform_matrix": [[0.861599315272641, 0.21696236567460866, -0.4588833749468308, -1.9824906015833308], [-0.04809868527556133, 0.9348749483684572, 0.3517034935678596, -0.3975710060720741], [0.505304993441069, -0.28095580220730865, 0.8159232199230322, 3.6622708134693545], [0.0, 0.0, 0.0, 1.0]]}, {"file_path": "rgb/18_47_25_448", "transform_matrix": [[0.6198911201750725, -0.5165100111859592, 0.5907219375245631, 2.4483231115865656], [0.07553119832603779, 0.788591713363379, 0.610260721080788, 0.45963766798514244], [-0.7810441967056194, -0.3336772661709079, 0.5278536206498752, 1.8411980361525693], [0.0, 0.0, 0.0, 1.0]]}, {"file_path": "rgb/18_44_53_563", "transform_matrix": [[0.40958541902641077, -0.3747362588229061, 0.8317526800944925, 3.270352314405594], [0.09359067249488826, 0.9241877098904168, 0.37029429229933003, -0.26538014514145275], [-0.9074583023714718, -0.07382285019504005, 0.4136056288859795, 1.2838110528512576], [0.0, 0.0, 0.0, 1.0]]}, {"file_path": "rgb/18_27_49_511", "transform_matrix": [[-0.9821743480087348, 0.047522583140435164, -0.1818657587487996, -0.56349446955391], [0.012346038137956978, 0.9817340329242442, 0.18985748323570278, -0.8329261898810283], [0.18756632281918925, 0.1842278282181043, -0.9648206993292213, -4.729212605105758], [0.0, 0.0, 0.0, 1.0]]}, {"file_path": "rgb/18_52_09_599", "transform_matrix": [[0.9971621933353207, -0.02115875766520445, 0.07224864813100301, 0.3549181448734538], [0.004909078086625081, 0.9759240881984318, 0.2180552109590577, -0.8133483974910057], [-0.07512297341713614, -0.21708173817280182, 0.9732584743103153, 3.3715593345557306], [0.0, 0.0, 0.0, 1.0]]}, {"file_path": "rgb/18_28_48_960", "transform_matrix": [[-0.9779707206364351, 0.1421916172469295, -0.15282281754552968, -0.349745549432628], [0.010582304273041462, 0.7649438753414579, 0.6440100017964513, 0.7414166283745347], [0.20847370197251316, 0.6282057079988168, -0.7495974279728956, -3.6558470232934575], [0.0, 0.0, 0.0, 1.0]]}, {"file_path": "rgb/18_22_30_361", "transform_matrix": [[-0.5427687642081563, 0.28521141439983394, -0.7899724790750603, -2.6812647294676135], [-0.05663321216843752, 0.9260061918402203, 0.3732361343078374, -0.2136869298681582], [0.8379706127779393, 0.24731959439077864, -0.4864547978496515, -2.341504255432689], [0.0, 0.0, 0.0, 1.0]]}, {"file_path": "rgb/18_40_57_981", "transform_matrix": [[-0.14708293848035298, -0.5470214718906856, 0.8240959401055996, 3.364763423475998], [0.10946189149560491, 0.8190379598837207, 0.5632005988808225, 0.4185912926854957], [-0.9830486781020502, 0.17304429941509364, -0.06058850486478687, -1.1188739795537652], [0.0, 0.0, 0.0, 1.0]]}, {"file_path": "rgb/18_16_27_871", "transform_matrix": [[0.24131490847789547, 0.42180620336764924, -0.8739832044993053, -3.6896995674477733], [-0.0834667986816153, 0.906282719273152, 0.41434879783185624, -0.15640664917516758], [0.9668507684560982, -0.02703996204566394, 0.25390634491564285, 1.4346505235646938], [0.0, 0.0, 0.0, 1.0]]}, {"file_path": "rgb/18_19_00_806", "transform_matrix": [[-0.032912264753350705, 0.437436749903867, -0.8986466895628933, -3.0755459274716035], [-0.07922871607696835, 0.8951623756790107, 0.4386423733720956, 0.021913563376374966], [0.9963129997032061, 0.08563533734534648, 0.005195730954179234, -0.5050337988974035], [0.0, 0.0, 0.0, 1.0]]}, {"file_path": "rgb/18_23_31_046", "transform_matrix": [[-0.5219198026698753, 0.5876925253259005, -0.6182371836577805, -2.2055770402541226], [-0.05863479484078715, 0.6983518438145581, 0.7133489069696443, 0.9055914353578894], [0.8509768976975913, 0.408561131187088, -0.3300244258658893, -1.97237194353665], [0.0, 0.0, 0.0, 1.0]]}, {"file_path": "rgb/18_36_46_767", "transform_matrix": [[-0.627936876197634, -0.29914871911666935, 0.7184743025063682, 2.916754967615264], [0.10195619574773405, 0.8835990375623594, 0.45700949111317396, 0.15677781688784748], [-0.7715570060985814, 0.3602260188683328, -0.5243443540942007, -2.827537716867903], [0.0, 0.0, 0.0, 1.0]]}, {"file_path": "rgb/18_12_59_382", "transform_matrix": [[0.7014184789936401, 0.41224059321121354, -0.5814377100215598, -2.5070425318611593], [-0.06706251133853872, 0.8503190845847896, 0.521977081837751, 0.12859605184680728], [0.7095877231880613, -0.3271316977911993, 0.6240754084251602, 2.990010101081988], [0.0, 0.0, 0.0, 1.0]]}, {"file_path": "rgb/18_31_09_437", "transform_matrix": [[-0.9965355731939108, -0.005498847523027957, 0.08298562547213528, 0.41609323165617024], [0.03717966570301546, 0.863098951013229, 0.5036644450604746, 0.29820587187745723], [-0.07439438028033463, 0.5050049142689426, -0.8599043625583732, -4.017964241902213], [0.0, 0.0, 0.0, 1.0]]}, {"file_path": "rgb/18_47_05_639", "transform_matrix": [[0.6255210733929147, -0.4358220158201949, 0.6471341107280605, 2.6244071597635736], [0.07508604710873781, 0.8592158702682525, 0.5060732889698428, 0.1419590010603461], [-0.7765857790810752, -0.2679687646081004, 0.5701817858573245, 1.9534487765456243], [0.0, 0.0, 0.0, 1.0]]}, {"file_path": "rgb/18_28_29_103", "transform_matrix": [[-0.980000382528972, 0.11047740222039154, -0.16551131031353217, -0.41351853516807724], [0.01197652079400663, 0.8629706568390292, 0.505112075072934, 0.30997298252479505], [0.1986348740597663, 0.4930277771418647, -0.8470347087184874, -3.925210215836544], [0.0, 0.0, 0.0, 1.0]]}, {"file_path": "rgb/18_19_20_556", "transform_matrix": [[-0.02279896713233398, 0.5832752534922621, -0.8119545466103606, -2.831912024236158], [-0.07990194561392594, 0.8085044915917666, 0.5830404498515077, 0.47131472251660556], [0.9965419640862134, 0.0781694680772266, 0.028171760252342443, -0.4649934273473493], [0.0, 0.0, 0.0, 1.0]]}, {"file_path": "rgb/18_51_48_285", "transform_matrix": [[0.9974547957015403, -0.004672619700942897, 0.07114841640633272, 0.3761458445544338], [0.004498616534092938, 0.9999864863523051, 0.002605678808005924, -1.688665866629737], [-0.07115963027783193, -0.0022789773806833665, 0.9974623367730836, 3.933483922937998], [0.0, 0.0, 0.0, 1.0]]}, {"file_path": "rgb/18_24_22_961", "transform_matrix": [[-0.7442663979030137, 0.23389035043320214, -0.6255899878728131, -2.078566819834361], [-0.03599764799301609, 0.9212666899852483, 0.38726199821644747, -0.1467543760729839], [0.6669120618878048, 0.3107458606286792, -0.6772483383594955, -3.1035231375438226], [0.0, 0.0, 0.0, 1.0]]}, {"file_path": "rgb/18_45_13_285", "transform_matrix": [[0.4000664196773143, -0.5124264631116485, 0.7598460237110285, 3.0591382625684664], [0.09378978776825207, 0.8476245263688947, 0.5222414556584846, 0.19884631514079865], [-0.9116744679747045, -0.1376654720719513, 0.3871664787171605, 1.2415475319444365], [0.0, 0.0, 0.0, 1.0]]}, {"file_path": "rgb/18_33_01_152", "transform_matrix": [[-0.9410465629088144, -0.1120586780966223, 0.3191774100727424, 1.4000334190322599], [0.06422136616354143, 0.8671965140003, 0.49380747486628424, 0.26770714462765144], [-0.33212495023047306, 0.48519383628500984, -0.8088757374686422, -3.8408856917213785], [0.0, 0.0, 0.0, 1.0]]}, {"file_path": "rgb/18_11_59_999", "transform_matrix": [[0.6860274217325801, 0.07871295217843285, -0.7233053627551123, -3.213272605378798], [-0.0683746112105594, 0.9967059061170392, 0.04361478250795905, -1.5868621411992183], [0.7243557752739697, 0.019534786171530923, 0.689149550501543, 3.483189254807804], [0.0, 0.0, 0.0, 1.0]]}, {"file_path": "rgb/18_20_34_445", "transform_matrix": [[-0.2948866716228387, 0.3175022804018862, -0.9012403413289966, -3.0294732289815474], [-0.0720494870534593, 0.9331081891582667, 0.3523038159616127, -0.2868591697177245], [0.9528120078559764, 0.16882360399358384, -0.252285291723636, -1.5082790835462447], [0.0, 0.0, 0.0, 1.0]]}, {"file_path": "rgb/18_38_41_857", "transform_matrix": [[-0.3934894665304005, -0.36688180709639323, 0.8429494524295663, 3.304577014964191], [0.10745298176245593, 0.8922790955739258, 0.43851097171237874, 0.05567169626554351], [-0.9130278727618221, 0.26312688046541777, -0.3116798811867066, -2.123574364382984], [0.0, 0.0, 0.0, 1.0]]}, {"file_path": "rgb/18_32_41_361", "transform_matrix": [[-0.9386514085306247, -0.0759260707512287, 0.336405655487172, 1.40294547455701], [0.0643827314260655, 0.9197344550575797, 0.38722525237134986, -0.1258139279999432], [-0.3388043641359916, 0.38512824352443426, -0.8584217138925309, -3.9357072158184834], [0.0, 0.0, 0.0, 1.0]]}, {"file_path": "rgb/18_22_10_443", "transform_matrix": [[-0.546209395107338, 0.10598886304573736, -0.8309161555817456, -3.228182942116059], [-0.05659294937557803, 0.9850267000349633, 0.16284851334661896, -0.9806375684861837], [0.8357347275167215, 0.1359733838973734, -0.5320326156299521, -2.7782479207205406], [0.0, 0.0, 0.0, 1.0]]}, {"file_path": "rgb/18_49_00_684", "transform_matrix": [[0.8099848520794541, -0.32812197718034514, 0.48606636120295943, 1.9977862303959042], [0.0547723698337014, 0.8675307085533102, 0.49435863218901316, 0.09776858588981842], [-0.5838874265683626, -0.3737999970682891, 0.7206587509266238, 2.529767660052005], [0.0, 0.0, 0.0, 1.0]]}, {"file_path": "rgb/18_09_14_525", "transform_matrix": [[0.9701953912931797, 0.13923109799183292, -0.1983320550628732, -1.0309393697155382], [-0.02393007091124177, 0.8695063482342577, 0.4933417295207338, 0.03039995384300869], [0.24113949162187615, -0.47389177217199535, 0.846922861805034, 3.7963321651321835], [0.0, 0.0, 0.0, 1.0]]}, {"file_path": "rgb/18_08_55_761", "transform_matrix": [[0.9677049334134205, 0.10736372921299946, -0.22807935350839084, -1.0865485312174927], [-0.024389623517270496, 0.9404005358326705, 0.3391931285717803, -0.4454092857275201], [0.25090298545855044, -0.3226760943347122, 0.9126487988448144, 3.982033800993404], [0.0, 0.0, 0.0, 1.0]]}, {"file_path": "rgb/18_08_16_165", "transform_matrix": [[0.9647965521815028, 0.027369606072682153, -0.2615693360509045, -1.2918389491551028], [-0.02602821079026989, 0.9996242846000244, 0.008591966069931463, -1.7169921608240761], [0.26170621914991277, -0.0014813174257264018, 0.9651464451351109, 4.544738833175651], [0.0, 0.0, 0.0, 1.0]]}, {"file_path": "rgb/18_31_48_965", "transform_matrix": [[-0.9977729816703944, -0.018531676772231297, 0.06407537752194736, 0.40621486873873963], [0.03451617335157755, 0.6785612350728649, 0.7337324335434219, 1.0084168610356976], [-0.05707635960478192, 0.7343100348030098, -0.676410424196632, -3.4834452571518266], [0.0, 0.0, 0.0, 1.0]]}, {"file_path": "rgb/18_39_21_423", "transform_matrix": [[-0.40963728283921863, -0.5922323542426762, 0.6938718434237541, 2.898784679847986], [0.10615319586156764, 0.724504408572651, 0.6810468860270703, 0.797011355877904], [-0.9060512102063969, 0.3526389095760288, -0.2339166602372557, -1.857052966757986], [0.0, 0.0, 0.0, 1.0]]}, {"file_path": "rgb/18_50_33_177", "transform_matrix": [[0.9416175287327472, -0.1378553351946781, 0.30716825379846324, 1.3214588002684895], [0.02943195084646298, 0.9425433200635946, 0.3327849907565956, -0.40324336113437365], [-0.3353955722018489, -0.3043156196481855, 0.8915726632112131, 3.121993095364625], [0.0, 0.0, 0.0, 1.0]]}, {"file_path": "rgb/18_10_06_084", "transform_matrix": [[0.855953200658141, 0.05406744471022937, -0.5142186594296153, -2.366241202413122], [-0.04969030885391494, 0.9985162297444813, 0.02227581969017291, -1.6591500209113799], [0.514660073727394, 0.006484624844416559, 0.8573697907854816, 4.14761439065657], [0.0, 0.0, 0.0, 1.0]]}, {"file_path": "rgb/18_10_25_988", "transform_matrix": [[0.8580367712907044, 0.16362709823152286, -0.4868255045058292, -2.0109607066859505], [-0.04944997193696783, 0.9698073890497444, 0.23880604770388666, -0.7999021155542206], [0.5112021120735482, -0.1808308626005234, 0.8402217562897868, 3.682814895801022], [0.0, 0.0, 0.0, 1.0]]}, {"file_path": "rgb/18_45_33_219", "transform_matrix": [[0.39342792294830436, -0.6054425346483482, 0.6918481095465732, 2.8522149869623403], [0.09385525718677504, 0.7750545496683517, 0.6248852980642076, 0.5118296772625311], [-0.9145521637080019, -0.18091374264265564, 0.36175206644888624, 1.180899473704028], [0.0, 0.0, 0.0, 1.0]]}, {"file_path": "rgb/18_07_27_564", "transform_matrix": [[0.9997742571725279, -0.0121610653979352, 0.01742249073775995, -0.1795474125889548], [0.0021558076120994567, 0.8738276717013291, 0.48623096637562463, 0.01364082879527429], [-0.02113734109721016, -0.48608364368431606, 0.8736566282893519, 3.886230150645454], [0.0, 0.0, 0.0, 1.0]]}, {"file_path": "rgb/18_15_13_955", "transform_matrix": [[0.5048105789487819, 0.5840640405911017, -0.6356378496201998, -2.8868465357354056], [-0.07785602330751097, 0.7641525174281859, 0.6403197402414723, 0.5241860792863353], [0.8597119977155931, -0.2737519435484649, 0.4312251782854314, 2.1331666850102264], [0.0, 0.0, 0.0, 1.0]]}, {"file_path": "rgb/18_22_50_071", "transform_matrix": [[-0.5367896284500185, 0.37861252521257865, -0.7539956568446835, -2.617883367715485], [-0.05664090108448411, 0.875473330962388, 0.47993567808401066, 0.18101831322942785], [0.8418127482479869, 0.30033148773609397, -0.4485000494552878, -2.2792314703328835], [0.0, 0.0, 0.0, 1.0]]}, {"file_path": "rgb/18_38_22_051", "transform_matrix": [[-0.38699397599205054, -0.2655595658196361, 0.8830140313423958, 3.350314428601765], [0.10708989030159231, 0.9382059092479715, 0.3290918219089931, -0.3393192280281682], [-0.915842463495254, 0.221918428378253, -0.334641290346946, -2.194092272431829], [0.0, 0.0, 0.0, 1.0]]}, {"file_path": "rgb/18_07_03_680", "transform_matrix": [[0.9999915297510364, -0.0014310357150544683, 0.0038590883592443817, -0.167329805701216], [0.0005579391749962584, 0.9760873133842518, 0.2173781160885122, -0.86841413387713], [-0.004077883036481402, -0.21737412170517428, 0.9760798441125831, 4.096360051451767], [0.0, 0.0, 0.0, 1.0]]}, {"file_path": "rgb/18_16_47_648", "transform_matrix": [[0.25128254870228894, 0.562257565851752, -0.7878600829843739, -3.4572373363172], [-0.08380539120570021, 0.823559252938384, 0.561005181174319, 0.30030452687420806], [0.9642788689598779, -0.07494388929081129, 0.25406628335028086, 1.4116742204613886], [0.0, 0.0, 0.0, 1.0]]}, {"file_path": "rgb/18_26_36_420", "transform_matrix": [[-0.893844932376232, 0.21706031517544697, -0.39233411327752915, -1.2796651070370635], [-0.01053044262177812, 0.8646070348921002, 0.5023383172656456, 0.2920502788468001], [0.4482525478382903, 0.4531440110947362, -0.7705388754407235, -3.599568268479414], [0.0, 0.0, 0.0, 1.0]]}, {"file_path": "rgb/18_28_09_266", "transform_matrix": [[-0.9813911187290042, 0.087527156975711, -0.1709107043797495, -0.44175881288256424], [0.012225379019171787, 0.9167450231862145, 0.3992857405056497, -0.08286061361263124], [0.19162988333678663, 0.38976603142790217, -0.9007554765624645, -4.020294349671106], [0.0, 0.0, 0.0, 1.0]]}, {"file_path": "rgb/18_33_21_130", "transform_matrix": [[-0.9444081243681275, -0.15951972679156992, 0.28748348020680686, 1.3406037310116994], [0.06282011171169982, 0.7707429494370948, 0.6340417489862461, 0.7018578331847836], [-0.3227180320217701, 0.6168539232730474, -0.7178748561905789, -3.5788209220797715], [0.0, 0.0, 0.0, 1.0]]}, {"file_path": "rgb/18_30_47_877", "transform_matrix": [[-0.9959691574302391, 0.0017522544447631388, 0.089679245380747, 0.4049363713188162], [0.03741751846177022, 0.91677722352472, 0.3976423666291971, -0.09522606218122807], [-0.08151911898360113, 0.39939510766991926, -0.9131474038781856, -4.116278100729701], [0.0, 0.0, 0.0, 1.0]]}, {"file_path": "rgb/18_36_07_186", "transform_matrix": [[-0.6192052927925034, -0.04485330688672583, 0.7839470557627438, 3.4452663664101157], [0.10176738979214, 0.9853630877895626, 0.13675885198667648, -1.0227991932561742], [-0.7786065782875479, 0.16446205058658417, -0.6055774353162535, -3.379724495454141], [0.0, 0.0, 0.0, 1.0]]}, {"file_path": "rgb/18_17_07_420", "transform_matrix": [[0.25845318457489935, 0.6554217078961062, -0.7096649464371508, -3.2287598247888996], [-0.08426495836751668, 0.7471204235838922, 0.6593257840060149, 0.6023569464369629], [0.9623416067979257, -0.11060496138228441, 0.24832473566523663, 1.3810389108304812], [0.0, 0.0, 0.0, 1.0]]}, {"file_path": "rgb/18_11_05_716", "transform_matrix": [[0.8667720701272383, 0.28682510945671796, -0.4079675661526092, -1.8657465180880242], [-0.04792575426148751, 0.8621760614184698, 0.5043367537622087, 0.07584697184393405], [0.4963963139728268, -0.41759285877763375, 0.7610564392816829, 3.5020086285457768], [0.0, 0.0, 0.0, 1.0]]}, {"file_path": "rgb/18_35_33_018", "transform_matrix": [[-0.831699360358018, -0.3466512801768166, 0.4337154181394033, 2.042142940564337], [0.08271270196694773, 0.6950788179548095, 0.7141596780579759, 0.9273626010359353], [-0.5490307668185728, 0.629839921553341, -0.5494241442676961, -2.9341001728403837], [0.0, 0.0, 0.0, 1.0]]}, {"file_path": "rgb/18_14_33_096", "transform_matrix": [[0.489581123696936, 0.37672983849361263, -0.7863745622209701, -3.299256846417547], [-0.07766288887417794, 0.9171049312459935, 0.3910076991262439, -0.24691640754802952], [0.8684922561608495, -0.1303578684731324, 0.47825519036993097, 2.3016568648319984], [0.0, 0.0, 0.0, 1.0]]}]}