{"camera_angle_x": 0.5869607316815062, "w": 1079.0, "h": 1439.0, "frames": [{"file_path": "rgb/17_11_35_720", "transform_matrix": [[0.9999999999999994, -3.700161715920688e-18, 1.5379797859424583e-17, 0.29924608837537264], [-3.700161715920688e-18, 1.0, 1.442542389700905e-16, -1.9325932765128695], [1.5379797859424583e-17, 1.442542389700905e-16, 0.9999999999999993, 4.703936515355629], [0.0, 0.0, 0.0, 1.0]]}, {"file_path": "rgb/17_31_16_107", "transform_matrix": [[0.08115009842208251, -0.5925244741057724, 0.8014545583573429, 4.588181165656057], [0.08122428570001837, 0.8053634884466466, 0.5871901454295446, 0.7561444915680982], [-0.9933867710708689, 0.017447035929514566, 0.11348270352201754, -0.4906439304755998], [0.0, 0.0, 0.0, 1.0]]}, {"file_path": "rgb/17_26_37_514", "transform_matrix": [[-0.8216394039345892, -0.106302358579811, 0.5600075878614337, 3.5451522309986183], [0.0036677718793626424, 0.9814500015411358, 0.19168318112016408, -1.0005020157145892], [-0.5699958222228063, 0.15954843476284555, -0.8060081014563514, -4.373011880531281], [0.0, 0.0, 0.0, 1.0]]}, {"file_path": "rgb/17_37_14_397", "transform_matrix": [[0.9995941361130871, -0.02285442223828773, 0.017007011274304283, 0.6855521204439544], [0.011530732611859279, 0.8704866729647067, 0.4920569015838207, 0.35699272853243047], [-0.026050052855302583, -0.4916610901576305, 0.8703969020919397, 2.548778531870021], [0.0, 0.0, 0.0, 1.0]]}, {"file_path": "rgb/17_37_04_869", "transform_matrix": [[0.9996697207376684, -0.015577657413538167, 0.02043981481760148, 0.7212696259788252], [0.007766613295850657, 0.9412843692209297, 0.337525430120856, -0.2313159058014569], [-0.024497533716358384, -0.3372552043332503, 0.9410944681550056, 2.796236426547955], [0.0, 0.0, 0.0, 1.0]]}, {"file_path": "rgb/17_21_21_998", "transform_matrix": [[-0.6643194568002928, 0.3969692800695285, -0.6333206533799788, -1.4960950531564337], [-0.10619239526790755, 0.7885886519587761, 0.6056823533743614, 0.812522292446548], [0.7398667680764069, 0.469620409142235, -0.48171966620976925, -2.97094492146383], [0.0, 0.0, 0.0, 1.0]]}, {"file_path": "rgb/17_31_48_226", "transform_matrix": [[0.30617679335616105, -0.3195034229678262, 0.8967571209206984, 4.545186407898732], [0.0778287232019915, 0.9472445669443373, 0.310918671422581, -0.3941980434953674], [-0.9487878904449011, -0.025402620067171658, 0.3148908474993145, 0.4385908808883598], [0.0, 0.0, 0.0, 1.0]]}, {"file_path": "rgb/17_33_48_711", "transform_matrix": [[0.6913767357309548, -0.4266727616870905, 0.5830510815737501, 2.8465482736947307], [0.07012330029118716, 0.8428154170892586, 0.5336149318309331, 0.4737289571472771], [-0.7190833971426961, -0.3280434836282688, 0.6126226740847488, 1.9151582243010314], [0.0, 0.0, 0.0, 1.0]]}, {"file_path": "rgb/17_27_29_780", "transform_matrix": [[-0.6637779120174393, -0.12188551146484501, 0.7379314369321317, 4.111360168405251], [0.02313381938955227, 0.9828141695454682, 0.1831423887064477, -1.058431167452254], [-0.7475718760883258, 0.138637044961313, -0.6495506599536134, -3.5972717860348657], [0.0, 0.0, 0.0, 1.0]]}, {"file_path": "rgb/17_33_30_851", "transform_matrix": [[0.6934184188137422, -0.23922015534242252, 0.6796650746711912, 3.1943851925463917], [0.06325989396063805, 0.9598477954070106, 0.27329543623776503, -0.5978375232755945], [-0.7177528002494574, -0.14651254871255387, 0.6807091822531948, 2.0941363949455245], [0.0, 0.0, 0.0, 1.0]]}, {"file_path": "rgb/17_25_05_628", "transform_matrix": [[-0.9865236217940554, -0.09526032601487003, 0.13302862071704666, 1.466547825416396], [-0.03255739401029241, 0.9110694800643369, 0.4109652279579834, -0.04146762716586385], [-0.16034699790640838, 0.4010958398971987, -0.9018929911467116, -4.587276244706664], [0.0, 0.0, 0.0, 1.0]]}, {"file_path": "rgb/17_20_31_347", "transform_matrix": [[-0.46877503906711276, 0.4790852363802427, -0.7421100316193773, -2.0493032615979514], [-0.11281425031394314, 0.8007875118738297, 0.5882281069049863, 0.734577079702119], [0.8760838473991683, 0.35946724066235547, -0.3213415553843953, -2.3908749703528906], [0.0, 0.0, 0.0, 1.0]]}, {"file_path": "rgb/17_31_24_920", "transform_matrix": [[0.07993722818278001, -0.6882347011908037, 0.721070756325105, 4.290925484145333], [0.08423520438431964, 0.7254621651573522, 0.6830878986393615, 1.1230211172421223], [-0.9932343479223751, 0.006135389312170897, 0.11596502535334552, -0.4731496902813143], [0.0, 0.0, 0.0, 1.0]]}, {"file_path": "rgb/17_13_03_504", "transform_matrix": [[0.9723789216165284, 0.07329906070223759, -0.22159982061375036, -1.1290398654287181], [-0.023430274895468124, 0.9752681297477038, 0.21977965628496743, -0.8443931755544731], [0.23222888496954786, -0.20851696045786117, 0.9500475894328739, 3.499240280609814], [0.0, 0.0, 0.0, 1.0]]}, {"file_path": "rgb/17_16_18_691", "transform_matrix": [[0.49976541501313687, 0.48245307253603303, -0.71935635310831, -3.1051409013805533], [-0.08503772263602069, 0.8538287991398826, 0.5135610650041775, 0.45160256481383454], [0.8619762848742565, -0.19548763275431735, 0.467740814719527, 0.3800395627230412], [0.0, 0.0, 0.0, 1.0]]}, {"file_path": "rgb/17_26_06_093", "transform_matrix": [[-0.9307879564001478, -0.19704737489903915, 0.3079060120650998, 2.3642999303971135], [-0.011347385784961962, 0.8574550289480521, 0.5144337762701263, 0.43443763633371685], [-0.36538338366198736, 0.4753348350132699, -0.8003447866804803, -4.013178387201828], [0.0, 0.0, 0.0, 1.0]]}, {"file_path": "rgb/17_13_26_128", "transform_matrix": [[0.9732749060266063, 0.14705005484580413, -0.1763866170341344, -1.0316887734476303], [-0.014221132982143406, 0.8052107037696609, 0.5928182536928766, 0.6558803396452092], [0.22920234875673634, -0.5744667126166781, 0.7857825904280277, 2.9908187220526568], [0.0, 0.0, 0.0, 1.0]]}, {"file_path": "rgb/17_36_54_725", "transform_matrix": [[0.999687664254369, -0.010113928705837862, 0.022853498283127917, 0.7428885500763964], [0.004727067768105484, 0.9744677115733764, 0.22447791412801113, -0.738035564074355], [-0.024540349792931664, -0.22429977161620143, 0.9742111597004828, 2.833781855241915], [0.0, 0.0, 0.0, 1.0]]}, {"file_path": "rgb/17_19_13_984", "transform_matrix": [[-0.2564879794026937, 0.06354440060036251, -0.9644563367899365, -3.6683611918649395], [-0.12340709026801647, 0.9875169183079973, 0.09788271618144788, -1.3922160969625044], [0.9586368480783036, 0.14412649030562324, -0.2454443894218772, -2.190671780508939], [0.0, 0.0, 0.0, 1.0]]}, {"file_path": "rgb/17_18_07_223", "transform_matrix": [[0.17915574432723264, 0.6445320294161827, -0.7432911154663505, -2.8455018901928457], [-0.10358683369458968, 0.7636732755288116, 0.637238492346645, 0.8920441949831639], [0.9783521795139437, -0.0371697632458477, 0.20358148624215067, -0.3401226873914069], [0.0, 0.0, 0.0, 1.0]]}, {"file_path": "rgb/17_28_31_583", "transform_matrix": [[-0.4384345106632397, -0.32607280898697816, 0.8375271357387924, 3.6664689890295135], [0.04349569072290932, 0.9230765187714238, 0.3821490093947208, -0.1884875725431302], [-0.8977100337792938, 0.20397613520255506, -0.39052583975942784, -2.2922434322442307], [0.0, 0.0, 0.0, 1.0]]}, {"file_path": "rgb/17_17_40_616", "transform_matrix": [[0.17550696843977867, 0.29400545742157197, -0.9395520714869454, -3.4656435667208303], [-0.11266005207761477, 0.9540939462719343, 0.2775111787894618, -0.5672342879678525], [0.9780107446725456, 0.057144839605862405, 0.20057280626114948, -0.33742420580156335], [0.0, 0.0, 0.0, 1.0]]}, {"file_path": "rgb/17_16_09_129", "transform_matrix": [[0.4977422158157381, 0.35593793646287714, -0.790924062082693, -3.350035723325419], [-0.08891828688823931, 0.928048454814552, 0.3616899276634379, -0.13105606341144843], [0.8627550201834234, -0.10970073337435293, 0.49357828583258107, 0.48966813400773973], [0.0, 0.0, 0.0, 1.0]]}, {"file_path": "rgb/17_12_28_191", "transform_matrix": [[0.9999708539350652, -0.0028331905614378443, -0.007089732831197765, 0.26760912820640037], [0.005054901392694749, 0.9416035075653076, 0.33668573256468687, -0.35519581585155635], [0.0057218224618836196, -0.336711757400825, 0.9415903850272482, 3.934719160430594], [0.0, 0.0, 0.0, 1.0]]}, {"file_path": "rgb/17_26_15_134", "transform_matrix": [[-0.9317486429578317, -0.2424344403831457, 0.2703146471472643, 2.2523356666858096], [-0.008046253020847494, 0.7580580684307215, 0.6521374262372986, 0.9642417141573939], [-0.3630147712677314, 0.605453141872428, -0.70827026539185, -3.677137482465088], [0.0, 0.0, 0.0, 1.0]]}, {"file_path": "rgb/17_29_13_936", "transform_matrix": [[-0.2286839499139181, -0.13023198430050484, 0.9647503725404412, 4.679175368721196], [0.060702906936802505, 0.9871753580089713, 0.14764812775406697, -1.2283548693753126], [-0.9716063030575651, 0.09232790913376296, -0.21784570010398902, -1.474183893497065], [0.0, 0.0, 0.0, 1.0]]}, {"file_path": "rgb/17_24_15_546", "transform_matrix": [[-0.9964770050183295, -0.025523736778092783, -0.07988815513317045, 0.4812272914243747], [-0.055913220539292624, 0.9121617264987544, 0.40599839467630416, -0.03930885063454572], [0.06250832135502689, 0.4090348684057315, -0.9103752996372876, -4.8195908967793315], [0.0, 0.0, 0.0, 1.0]]}, {"file_path": "rgb/17_15_51_388", "transform_matrix": [[0.5025697177881006, 0.07168035540474753, -0.8615599836409752, -4.122945030446382], [-0.0943020588612263, 0.9951557820406933, 0.027786528489720318, -1.6784332025650437], [0.8593781475328088, 0.06728221250839879, 0.5068947656299597, 0.8079157148717332], [0.0, 0.0, 0.0, 1.0]]}, {"file_path": "rgb/17_38_13_587", "transform_matrix": [[0.9861798793118438, 0.1042084516504173, -0.12880156926489456, -0.35605144382546117], [-0.007717539534494563, 0.8054705211849157, 0.5925855879834018, 0.7611383122932154], [0.1654982937193321, -0.5834019524365022, 0.7951430542168285, 2.0322329263616985], [0.0, 0.0, 0.0, 1.0]]}, {"file_path": "rgb/17_36_23_964", "transform_matrix": [[0.9698919268662495, -0.14731781924558665, 0.19392552779971392, 1.62158529215486], [0.03160127384065359, 0.8656899216843555, 0.4995821443824652, 0.3710900029249207], [-0.24147672701799008, -0.4784123949343898, 0.8442810969587202, 2.5993386543975907], [0.0, 0.0, 0.0, 1.0]]}, {"file_path": "rgb/17_20_21_919", "transform_matrix": [[-0.47071385468684385, 0.3446223662440269, -0.8121969537558116, -2.305955020348594], [-0.1162323375473672, 0.8883145460037277, 0.4442829178197896, 0.18121756798420674], [0.8745961986620607, 0.3035336753023605, -0.37808570092416005, -2.5736546304865797], [0.0, 0.0, 0.0, 1.0]]}, {"file_path": "rgb/17_12_20_708", "transform_matrix": [[0.9999815138616132, -0.0009745815135094918, -0.0060018435424972014, 0.28610383644240145], [0.0022922017156692264, 0.9746686232633326, 0.22364217097241398, -0.8639716618604187], [0.0056318510571368155, -0.2236517941283572, 0.9746528393416991, 3.9739456070975967], [0.0, 0.0, 0.0, 1.0]]}, {"file_path": "rgb/17_28_07_934", "transform_matrix": [[-0.6625917773402663, -0.5335668637271185, 0.5256220491317628, 2.898497011639547], [0.03479858323572613, 0.6790944436829136, 0.7332256100026651, 1.2216921268231642], [-0.7481719021761329, 0.5041201627503114, -0.4313950235025275, -2.3610284726184343], [0.0, 0.0, 0.0, 1.0]]}, {"file_path": "rgb/17_33_58_110", "transform_matrix": [[0.6903067868091248, -0.4985163253360013, 0.5243643899605983, 2.6234902062967103], [0.0732415268906143, 0.769169333200543, 0.6348340063375332, 0.8592346787609988], [-0.719800124217822, -0.3998249745042464, 0.567474907761291, 1.7525962064121454], [0.0, 0.0, 0.0, 1.0]]}, {"file_path": "rgb/17_12_43_187", "transform_matrix": [[0.9999287101420682, -0.007822253674429389, -0.009021473331569389, 0.22702260498433274], [0.011658807592142415, 0.8027397694560289, 0.5962155103141911, 0.6362769471164307], [0.0025781464560307586, -0.5962781858169339, 0.8027737404024351, 3.4407040605978687], [0.0, 0.0, 0.0, 1.0]]}, {"file_path": "rgb/17_12_35_670", "transform_matrix": [[0.9999568301549644, -0.006197482330187409, -0.006923080181692489, 0.24069648935950894], [0.00879935848798452, 0.8709464509940469, 0.4912991459295184, 0.23518855083994483], [0.002984814338457962, -0.49133885528588206, 0.8709633862394693, 3.691418774021223], [0.0, 0.0, 0.0, 1.0]]}, {"file_path": "rgb/17_20_04_002", "transform_matrix": [[-0.46573646133937463, 0.04891263361460707, -0.8835706552686999, -3.071429192392566], [-0.12165915715085719, 0.9854512262096787, 0.11867994878320298, -1.2801767676207871], [0.8765207345296627, 0.16276804058144795, -0.45300989713786155, -3.147537991019711], [0.0, 0.0, 0.0, 1.0]]}, {"file_path": "rgb/17_37_45_969", "transform_matrix": [[0.9855337876097859, 0.05375680162725675, -0.16072759488748872, -0.41197189728602274], [-0.01738076718790947, 0.9754206179845544, 0.2196645782610156, -0.73229846281142], [0.1685854750904378, -0.21369329490987277, 0.9622443106088457, 2.548391033087947], [0.0, 0.0, 0.0, 1.0]]}, {"file_path": "rgb/17_19_40_435", "transform_matrix": [[-0.2596360621192488, 0.5304645522275577, -0.8069674554015333, -2.576149489946413], [-0.11451780137706502, 0.8128153500313258, 0.5711539896746031, 0.6507117957812768], [0.9588924801118068, 0.2407043115182406, -0.150288542482643, -1.6957373424641984], [0.0, 0.0, 0.0, 1.0]]}, {"file_path": "rgb/17_13_11_017", "transform_matrix": [[0.9724162664555227, 0.09650787258525698, -0.21235073642860108, -1.1283362536746402], [-0.020865435503179916, 0.9427319179201553, 0.3328981293667003, -0.33679724485212], [0.2323171072778843, -0.3192847654737904, 0.9187415306833485, 3.4675314020094814], [0.0, 0.0, 0.0, 1.0]]}, {"file_path": "rgb/17_22_20_656", "transform_matrix": [[-0.8165102980203893, 0.3590372013941597, -0.4521097446878398, -0.578271479282529], [-0.09163810990653795, 0.6925769181151563, 0.7154995942045457, 1.1991234771335098], [0.5700117455275914, 0.6256432693709423, -0.5325946952903551, -3.0458159727324166], [0.0, 0.0, 0.0, 1.0]]}, {"file_path": "rgb/17_33_07_919", "transform_matrix": [[0.5084506278527918, -0.592494354254889, 0.6248426995750077, 3.322942914576427], [0.0824168687895552, 0.755794273581794, 0.6496017824482117, 0.9426585208844263], [-0.8571379228426581, -0.2787928553551008, 0.4331156023833853, 1.1718196482731245], [0.0, 0.0, 0.0, 1.0]]}, {"file_path": "rgb/17_32_06_003", "transform_matrix": [[0.3033358932292787, -0.5634750369031649, 0.7684290589675612, 4.146095385277587], [0.08386840118759055, 0.8190828110812488, 0.5675116209149174, 0.667646327465471], [-0.9491856652736765, -0.10769972784652802, 0.2957149665822663, 0.4426986044157353], [0.0, 0.0, 0.0, 1.0]]}, {"file_path": "rgb/17_32_38_900", "transform_matrix": [[0.5119278523090113, -0.28606118895986427, 0.8099993025930025, 3.953593345095521], [0.07331305547021663, 0.954033682669684, 0.2905940953105231, -0.5080092745505191], [-0.8558943100219224, -0.08937968730415852, 0.5093684340136388, 1.3569084523057748], [0.0, 0.0, 0.0, 1.0]]}, {"file_path": "rgb/17_19_31_501", "transform_matrix": [[-0.2617067482394708, 0.38512672576422424, -0.8849785212241309, -2.846238152736895], [-0.11811853788913632, 0.8972627875834839, 0.42540275154828117, 0.08845580720345128], [0.9578922637399544, 0.21586313979010865, -0.18932912070545607, -1.8133112202769788], [0.0, 0.0, 0.0, 1.0]]}, {"file_path": "rgb/17_14_29_440", "transform_matrix": [[0.8284172515520769, 0.23195182805622058, -0.5098266438626761, -1.748797507576], [-0.054606897347445185, 0.9393335364781336, 0.3386304682239454, -0.3239552765613267], [0.5574432205103834, -0.2526872705714719, 0.7908262762441262, 3.0804478100479926], [0.0, 0.0, 0.0, 1.0]]}, {"file_path": "rgb/17_28_50_695", "transform_matrix": [[-0.4405293838022209, -0.5478433550617395, 0.7111972443151984, 3.2923436836932645], [0.049753351870553165, 0.7760936208896915, 0.6286519669833005, 0.8410768130469398], [-0.8963584472656463, 0.31232411038698926, -0.314635001369039, -2.011209484044763], [0.0, 0.0, 0.0, 1.0]]}, {"file_path": "rgb/17_19_22_789", "transform_matrix": [[-0.26193869495224925, 0.27794040123237285, -0.9241954627942618, -2.9114358151232773], [-0.12073676685556022, 0.9406704567188692, 0.31711468743276455, -0.41007648901198873], [0.9575023515459258, 0.19464897949668625, -0.21284036638974296, -1.8753022730301425], [0.0, 0.0, 0.0, 1.0]]}, {"file_path": "rgb/17_17_49_543", "transform_matrix": [[0.17570514220845634, 0.40170072017235375, -0.8987570497161722, -3.396108048926821], [-0.10981353961835462, 0.9152599236467537, 0.3876083831428656, -0.06638113135591538], [0.9782988753535361, 0.03059090680497547, 0.20492805299142214, -0.3100027967347083], [0.0, 0.0, 0.0, 1.0]]}, {"file_path": "rgb/17_21_12_657", "transform_matrix": [[-0.6658923060980572, 0.28133165496725443, -0.6909702863313275, -1.7140444828414418], [-0.10955165690647169, 0.8792613573983912, 0.46357081428298036, 0.26514154561367315], [0.7379606162583866, 0.3843851783033841, -0.5546730239990199, -3.214954193923901], [0.0, 0.0, 0.0, 1.0]]}, {"file_path": "rgb/17_13_18_472", "transform_matrix": [[0.9728979160834677, 0.12706329563146196, -0.1931956619174377, -1.086259344639217], [-0.01711848106061534, 0.8727793380090973, 0.48781470329478543, 0.25507690021651713], [0.23060052577264986, -0.47128669199084494, 0.8513003297695255, 3.230388229999554], [0.0, 0.0, 0.0, 1.0]]}, {"file_path": "rgb/17_36_15_256", "transform_matrix": [[0.970270763508334, -0.10827513057574274, 0.21645124527190848, 1.7231815291002759], [0.027431981338213705, 0.9377823756402643, 0.34613827054858026, -0.2130158932562911], [-0.24046232944229315, -0.329910157523693, 0.9128730229784847, 2.8277496832798685], [0.0, 0.0, 0.0, 1.0]]}, {"file_path": "rgb/17_30_58_455", "transform_matrix": [[0.08403638599276438, -0.33957373375773253, 0.9368177865364784, 4.997027000546683], [0.07525839244599282, 0.9396210830622008, 0.3338388752549071, -0.29700673462062455], [-0.9936166565611302, 0.042448788049237025, 0.104518133342645, -0.5797965175555435], [0.0, 0.0, 0.0, 1.0]]}, {"file_path": "rgb/17_16_00_125", "transform_matrix": [[0.49751296280836077, 0.26203645770446277, -0.8269327340668909, -3.410360321803104], [-0.09182794771452323, 0.9638370886693255, 0.2501713303397837, -0.6349138292998464], [0.8625824481498476, -0.04852794389973258, 0.5035837157858453, 0.49235274888206215], [0.0, 0.0, 0.0, 1.0]]}, {"file_path": "rgb/17_19_49_785", "transform_matrix": [[-0.25857075165261006, 0.6277804050232954, -0.7341886198100531, -2.3081279501396477], [-0.1118407660391652, 0.735469116106114, 0.6682640363702539, 1.020967172136717], [0.9594961226818877, 0.25490575184345754, -0.11995936076665584, -1.5903415905430223], [0.0, 0.0, 0.0, 1.0]]}, {"file_path": "rgb/17_14_14_235", "transform_matrix": [[0.8313151626193189, 0.0511139903018485, -0.5534459868809575, -2.2213435469629697], [-0.05976351190371012, 0.998209626799017, 0.0024214893562333746, -1.897536465738464], [0.5525788840013248, 0.031062855007062743, 0.8328815497984453, 3.6809268962881214], [0.0, 0.0, 0.0, 1.0]]}, {"file_path": "rgb/17_21_44_493", "transform_matrix": [[-0.8147965090683796, 0.00997969919964627, -0.5796611548257016, -1.3880939202107283], [-0.10254424634779888, 0.9816061771710729, 0.1610403380540231, -1.1172281006918237], [0.5706061043758149, 0.19065602152430622, -0.7987859257057418, -4.4998534567570765], [0.0, 0.0, 0.0, 1.0]]}, {"file_path": "rgb/17_14_36_935", "transform_matrix": [[0.8297681420068945, 0.3114944137586148, -0.4630940084989248, -1.6090609232364412], [-0.05108681133555364, 0.8686646197641769, 0.4927594911085162, 0.26688155115783346], [0.5557652096146276, -0.3852181311505665, 0.7367034839166114, 2.883651337542561], [0.0, 0.0, 0.0, 1.0]]}, {"file_path": "rgb/17_15_17_727", "transform_matrix": [[0.6851309464498972, 0.29905088113768724, -0.6642018945376776, -2.7184829959374746], [-0.07044621144832393, 0.9347677740551662, 0.34820473845214645, -0.22771940927119774], [0.7250054603306415, -0.19177533490707924, 0.6615053313557128, 1.7481554359945275], [0.0, 0.0, 0.0, 1.0]]}, {"file_path": "rgb/17_15_36_710", "transform_matrix": [[0.6878297731992967, 0.47453291655148516, -0.5492801782421651, -2.3253632194336027], [-0.06400677996794095, 0.7934208696467835, 0.6052986500291218, 0.7584851618270252], [0.7230444904836348, -0.38118477765787345, 0.5761118207979922, 1.421252252099725], [0.0, 0.0, 0.0, 1.0]]}, {"file_path": "rgb/17_36_45_983", "transform_matrix": [[0.9995255494516356, -0.002718147333263828, 0.03068041180427386, 0.7800559710499257], [0.0027003866718847587, 0.9999961615550504, 0.0006203120081557529, -1.8034780294566983], [-0.030681980138632815, -0.0005371687256589402, 0.9995290528766695, 3.5725760495916568], [0.0, 0.0, 0.0, 1.0]]}, {"file_path": "rgb/17_32_59_037", "transform_matrix": [[0.5094507437078547, -0.5081526536165468, 0.6944356128238052, 3.5852525398909685], [0.07951974689696811, 0.8313625833289584, 0.5500116952338765, 0.5621699640609471], [-0.8568176874860569, -0.22498252301692617, 0.463946456768432, 1.2805420017749658], [0.0, 0.0, 0.0, 1.0]]}, {"file_path": "rgb/17_20_40_797", "transform_matrix": [[-0.4679129356825594, 0.569283379051429, -0.6759984607650489, -1.8035939379925976], [-0.11010225394147245, 0.7213904041155171, 0.6837202487326659, 1.0997628610329466], [0.8768893763171818, 0.3943505029613096, -0.2748685185979396, -2.2245241407517757], [0.0, 0.0, 0.0, 1.0]]}, {"file_path": "rgb/17_32_15_891", "transform_matrix": [[0.30211406858446077, -0.6558830990812002, 0.6917690726701963, 3.8615632489285336], [0.08657630226125375, 0.7415580445212725, 0.6652790470866752, 1.0414511078123176], [-0.949332203946601, -0.14109935132886622, 0.2808190513559602, 0.3960583648513764], [0.0, 0.0, 0.0, 1.0]]}, {"file_path": "rgb/17_21_03_862", "transform_matrix": [[-0.6660059304842867, 0.1966195557076698, -0.7195671274266755, -1.7664292358255842], [-0.11213386622376617, 0.9272858274015374, 0.3571652143559853, -0.22942280488984013], [0.7374700648877007, 0.3185619949296603, -0.5955301493467523, -3.312851610222619], [0.0, 0.0, 0.0, 1.0]]}, {"file_path": "rgb/17_22_01_969", "transform_matrix": [[-0.8181700056154801, 0.20638327372201576, -0.5366598422082168, -0.9094164065414859], [-0.09730791029376994, 0.8701951457690454, 0.48300266963470223, 0.30834566595409896], [0.566682461794455, 0.44739954471118215, -0.6918848422149471, -3.6110559137910574], [0.0, 0.0, 0.0, 1.0]]}, {"file_path": "rgb/17_20_12_870", "transform_matrix": [[-0.47089466343845326, 0.2457087235710574, -0.8472812042682565, -2.368509301474702], [-0.11881767830991677, 0.9340144914872622, 0.3368965553591076, -0.3149964784535904], [0.874151345744103, 0.25931477561618593, -0.41062789954032597, -2.6537198996487956], [0.0, 0.0, 0.0, 1.0]]}, {"file_path": "rgb/17_15_07_641", "transform_matrix": [[0.6848663219152403, 0.22092866439773184, -0.6943692435251754, -2.76513871567269], [-0.07331704847024072, 0.9689856747961125, 0.235990195651291, -0.7330263020262888], [0.7249708487311075, -0.11071263381997778, 0.6798234926822849, 1.7663128154600938], [0.0, 0.0, 0.0, 1.0]]}]}