{"camera_angle_x": 0.5870227852179017, "w": 1079.0, "h": 1439.0, "frames": [{"file_path": "rgb/13_07_53_744", "transform_matrix": [[0.9999999999999999, 7.877881822006029e-18, 2.4836107489265315e-18, -0.04051425508652596], [7.877881822006029e-18, 0.9999999999999998, 2.486216411148662e-17, -1.9215819549702584], [2.4836107489265315e-18, 2.486216411148662e-17, 0.9999999999999998, 4.561093385272447], [0.0, 0.0, 0.0, 1.0]]}, {"file_path": "rgb/13_11_37_457", "transform_matrix": [[0.593279703703455, 0.09605771211035906, -0.7992447116607427, -3.531234853634284], [-0.07090447411502437, 0.9952317420601974, 0.06698011007975511, -1.5705156753461529], [0.8018676628496826, 0.01693208610737733, 0.5972617146076246, 2.110450943961543], [0.0, 0.0, 0.0, 1.0]]}, {"file_path": "rgb/13_21_59_381", "transform_matrix": [[-0.9631956508638662, -0.0401993788572549, 0.26577838154451794, 1.1388788008257578], [0.07790218739244703, 0.9045733574269944, 0.41913994110884595, -0.0585603302191211], [-0.25726520821207927, 0.42441848566331974, -0.8681495042162087, -3.508138900533529], [0.0, 0.0, 0.0, 1.0]]}, {"file_path": "rgb/13_23_20_800", "transform_matrix": [[-0.8502028498009117, -0.329190367981502, 0.41083916052223096, 1.9119378433141205], [0.10482958650156009, 0.6589002249246739, 0.7448900934957627, 1.1810974815056139], [-0.5159126592596076, 0.6763757795947586, -0.5256899588096222, -2.1701174562971377], [0.0, 0.0, 0.0, 1.0]]}, {"file_path": "rgb/13_28_44_857", "transform_matrix": [[0.5594863064449974, -0.08033749041226536, 0.8249369433688816, 3.2494934935330835], [0.09811304182656734, 0.9947130030754776, 0.030329400523300597, -1.7744948927514843], [-0.8230120922101161, 0.0639681885535593, 0.5644104596205705, 2.5613445283878824], [0.0, 0.0, 0.0, 1.0]]}, {"file_path": "rgb/13_26_52_429", "transform_matrix": [[-0.03668493236062654, -0.29985420735105506, 0.9532794291662683, 3.5791715609784602], [0.1307094294804059, 0.9442867371656576, 0.3020556290783915, -0.5462245930459402], [-0.9907417730077818, 0.13568350064361723, 0.004552677288196941, 0.05328209179258734], [0.0, 0.0, 0.0, 1.0]]}, {"file_path": "rgb/13_19_53_727", "transform_matrix": [[-0.9957401985048557, 0.07343237276707722, -0.05575969611921096, 0.1450644693928981], [0.04233799353422323, 0.9013644754997001, 0.43098674760443195, 0.007575956825121181], [0.08190818875427414, 0.42679007595883395, -0.9006338210827117, -3.7219095741222663], [0.0, 0.0, 0.0, 1.0]]}, {"file_path": "rgb/13_19_07_375", "transform_matrix": [[-0.9235653422532573, 0.26088153618846965, -0.2810122464672436, -0.9442338046238915], [0.0046011077552333335, 0.7403567583706336, 0.6721984083158422, 1.0214568822985393], [0.38341346924181907, 0.6195261854117798, -0.6849681869934404, -3.06611964707504], [0.0, 0.0, 0.0, 1.0]]}, {"file_path": "rgb/13_27_18_414", "transform_matrix": [[-0.05757146315847286, -0.6635689677878626, 0.7458966092018003, 2.9642591114900307], [0.12733904933105128, 0.7361523952002692, 0.6647288300926707, 0.8226588927651354], [-0.9901869990790914, 0.13325117646706677, 0.04211687102439958, 0.21682524013427495], [0.0, 0.0, 0.0, 1.0]]}, {"file_path": "rgb/13_23_35_283", "transform_matrix": [[-0.6222668050780938, -0.04252409791165548, 0.7816493615392396, 3.6631198178249575], [0.1306520127916626, 0.9788757420431553, 0.15726516840339883, -1.2261941686761715], [-0.7718251582135608, 0.19998495627487095, -0.603566021585335, -2.603546276307391], [0.0, 0.0, 0.0, 1.0]]}, {"file_path": "rgb/13_09_09_601", "transform_matrix": [[0.9999681193449328, -0.0026543604268917183, 0.007530913920771019, 0.023731396099435153], [0.0008869386673623367, 0.9742183213723739, 0.2256055753792323, -0.8381312346696878], [-0.007935592829666256, -0.22559170346694554, 0.9741896169090098, 3.865676010314883], [0.0, 0.0, 0.0, 1.0]]}, {"file_path": "rgb/13_18_58_652", "transform_matrix": [[-0.9270013061524547, 0.20737694952533406, -0.3125114065073623, -1.0750858398679732], [0.007921981512276459, 0.8438750022825938, 0.5364813349329792, 0.4925969084139034], [0.37497442659541724, 0.4948431886245575, -0.783916065705582, -3.413877061349544], [0.0, 0.0, 0.0, 1.0]]}, {"file_path": "rgb/13_20_18_578", "transform_matrix": [[-0.9941141170936884, 0.10174327681036144, -0.03722133553388522, 0.22863632394514966], [0.03726578888296827, 0.6437388727196457, 0.764337310831134, 1.306472248785704], [0.10172700317008244, 0.758451428486709, -0.6437414445664531, -2.9048516245575966], [0.0, 0.0, 0.0, 1.0]]}, {"file_path": "rgb/13_22_24_142", "transform_matrix": [[-0.96862662865189, -0.13515668781419204, 0.20855484651661835, 0.9968524997744573], [0.0727497032355847, 0.6482191080385499, 0.7579706251912676, 1.2527015581002887], [-0.23763403574742314, 0.7493628344886099, -0.6180496803183289, -2.705222338671152], [0.0, 0.0, 0.0, 1.0]]}, {"file_path": "rgb/13_27_37_484", "transform_matrix": [[0.2836907267969597, -0.08505795473874239, 0.9551359672136083, 4.0378013513942355], [0.11750277496424659, 0.9916353510155198, 0.05340813132874094, -1.6797954744936578], [-0.9516893765326554, 0.0970797350222406, 0.2913122991617368, 1.3053483570032842], [0.0, 0.0, 0.0, 1.0]]}, {"file_path": "rgb/13_10_28_843", "transform_matrix": [[0.9609604416052282, 0.1953437737379617, -0.19594856399498373, -0.8819474268963552], [-0.033478883006823786, 0.7850876793945547, 0.6184791832030307, 0.6548182966049183], [0.27465286101276926, -0.5877738899650823, 0.7609780944369, 2.98568265661184], [0.0, 0.0, 0.0, 1.0]]}, {"file_path": "rgb/13_14_22_436", "transform_matrix": [[0.04338581740071554, 0.6015967762561699, -0.7976208307502103, -3.7629318599752453], [-0.08581620493953523, 0.7976659046471519, 0.5969628828773329, 0.708828460437023], [0.9953658874093722, 0.042549070044181514, 0.08623413952796115, -0.06286077684054102], [0.0, 0.0, 0.0, 1.0]]}, {"file_path": "rgb/13_26_14_502", "transform_matrix": [[-0.35058771722061344, -0.5186136965698103, 0.77982567684338, 3.0915332252905086], [0.13616988947119335, 0.7955991127926619, 0.5903217876081925, 0.6267453802543435], [-0.9265775810667135, 0.3131483441657097, -0.2083077070365667, -0.800609671005142], [0.0, 0.0, 0.0, 1.0]]}, {"file_path": "rgb/13_29_42_307", "transform_matrix": [[0.5627420393110976, -0.4677970138566739, 0.6815330887189306, 2.9774761047001563], [0.0929451513828963, 0.8550480490166641, 0.5101509901070532, 0.2937319675819928], [-0.8213906476375278, -0.22373821242598485, 0.5246509470819883, 2.246088496100437], [0.0, 0.0, 0.0, 1.0]]}, {"file_path": "rgb/13_15_24_422", "transform_matrix": [[-0.2654382103720086, 0.5853898030131279, -0.7660687534436816, -3.522602248770617], [-0.07597693167556359, 0.7794002214779836, 0.6219025652087606, 0.8269145541247171], [0.9611295762422833, 0.2232802572739497, -0.16240647888556312, -1.0763203212834114], [0.0, 0.0, 0.0, 1.0]]}, {"file_path": "rgb/13_30_45_893", "transform_matrix": [[0.7861400078624793, -0.41495149417533084, 0.4580383668642195, 1.9737239336018295], [0.06272928166906065, 0.7908473271110028, 0.608790228586716, 0.5908200613605976], [-0.614856833140256, -0.44986193735749924, 0.6477463331101864, 2.737752145402496], [0.0, 0.0, 0.0, 1.0]]}, {"file_path": "rgb/13_31_46_302", "transform_matrix": [[0.9381487068194826, -0.22858978172581507, 0.2600456028920249, 1.0834813512371089], [0.0268660550120706, 0.7968688827945002, 0.6035546360702846, 0.5926365829805373], [-0.3451886715711001, -0.5592376018512967, 0.7537228175493891, 2.997904769256422], [0.0, 0.0, 0.0, 1.0]]}, {"file_path": "rgb/13_29_25_941", "transform_matrix": [[0.5747631124167619, -0.25518100872052846, 0.777515284347112, 3.236550647786584], [0.09571064272473724, 0.964577938028561, 0.24582285153701086, -0.7739094339501885], [-0.8127034129829988, -0.066873419659407, 0.5788273561856268, 2.352084179942403], [0.0, 0.0, 0.0, 1.0]]}, {"file_path": "rgb/13_24_55_114", "transform_matrix": [[-0.6085366773055269, -0.21998981429802836, 0.762422188802941, 2.936653875606515], [0.13178050340255337, 0.9194448626989767, 0.3704794776764686, -0.267526182254828], [-0.7825068761978503, 0.3259227302008535, -0.5305255532408434, -2.1157550531390497], [0.0, 0.0, 0.0, 1.0]]}, {"file_path": "rgb/13_28_22_580", "transform_matrix": [[0.26122447831925905, -0.5430837531890917, 0.7980111584112595, 2.9740982431777967], [0.1120493766169438, 0.8381878788048883, 0.5337471470877533, 0.3971229283133576], [-0.9587526840257528, -0.050011167219044354, 0.2798073873699612, 1.1337328374551068], [0.0, 0.0, 0.0, 1.0]]}, {"file_path": "rgb/13_30_29_273", "transform_matrix": [[0.795257837134647, -0.2579107841692512, 0.548677500800903, 2.291772805147453], [0.06526349149825726, 0.936162105486608, 0.3454579408963379, -0.3315230095664294], [-0.602748412816973, -0.2389195254894057, 0.7613224094866358, 3.0966371095010428], [0.0, 0.0, 0.0, 1.0]]}, {"file_path": "rgb/13_14_45_100", "transform_matrix": [[-0.28678357177034813, 0.1378855745996753, -0.9480204382184799, -4.695892703600433], [-0.07048428676308285, 0.9838686425426577, 0.16442159085949637, -1.1221093967782538], [0.9553989471849658, 0.113973955527504, -0.2724385970806511, -1.672971078665411], [0.0, 0.0, 0.0, 1.0]]}, {"file_path": "rgb/13_14_13_000", "transform_matrix": [[0.03369951594905207, 0.45932659781168195, -0.8876279734030156, -4.0680446195639615], [-0.08237415223993123, 0.886387171636463, 0.4555571105811694, 0.15563631837134345], [0.9960315465222734, 0.05776554769978745, 0.06770745772358731, -0.11235673743566325], [0.0, 0.0, 0.0, 1.0]]}, {"file_path": "rgb/13_18_50_550", "transform_matrix": [[-0.9289949765193933, 0.16675361025714877, -0.33039607604803406, -1.115254180263901], [0.00864266403178626, 0.9022711136083821, 0.43108252331348734, 0.008651572567168898], [0.369991402548985, 0.39761799634083056, -0.8396465274302859, -3.553804294172395], [0.0, 0.0, 0.0, 1.0]]}, {"file_path": "rgb/13_13_30_944", "transform_matrix": [[0.3466304875771391, 0.6536373075529935, -0.6727596712473985, -3.4095797173780347], [-0.08727197880363644, 0.7365888848331552, 0.6706865262221586, 0.9153277671744748], [0.9339330312167632, -0.17376732982676033, 0.31236838554364854, 1.0052163275301416], [0.0, 0.0, 0.0, 1.0]]}, {"file_path": "rgb/13_22_41_214", "transform_matrix": [[-0.8351840948516823, -0.01044428191654012, 0.5498712982889937, 2.694753758598742], [0.10912299774521271, 0.9767941119817641, 0.18429713551993912, -1.0809855960931543], [-0.5390358977562387, 0.21392564075632528, -0.8146631949199135, -3.6784901746719223], [0.0, 0.0, 0.0, 1.0]]}, {"file_path": "rgb/13_26_22_839", "transform_matrix": [[-0.35610560418318554, -0.6172917496280024, 0.7015266883807967, 2.836860157534829], [0.13564964614988329, 0.70863948118038, 0.6924083038293325, 0.9394876716647783], [-0.9245474418161241, 0.3417323244201538, -0.16861508318551754, -0.6643936076813474], [0.0, 0.0, 0.0, 1.0]]}, {"file_path": "rgb/13_11_53_334", "transform_matrix": [[0.5983914962636774, 0.2695834042136394, -0.7544881744413908, -2.8370947401492286], [-0.06893908179641807, 0.9555250807541933, 0.28673894582138476, -0.5547654131109507], [0.798232434946353, -0.11956842485488274, 0.5903629151440138, 1.7554402562919036], [0.0, 0.0, 0.0, 1.0]]}, {"file_path": "rgb/13_12_10_240", "transform_matrix": [[0.6103651442856803, 0.47089117517815654, -0.6369583124353232, -2.495057765625279], [-0.0711844767252577, 0.833471907481455, 0.5479574342159943, 0.5114566327806458], [0.7889151797972146, -0.28911257423114484, 0.5422423429675782, 1.6325424634492929], [0.0, 0.0, 0.0, 1.0]]}, {"file_path": "rgb/13_17_46_261", "transform_matrix": [[-0.9498583628213986, 0.0840866265629858, -0.3011619660772389, -1.6563270483312094], [0.017253949900218002, 0.9757897475712309, 0.21802905711788473, -0.9071868344299067], [0.3122040867623161, 0.20190048976693942, -0.9283128785279116, -4.311337282194391], [0.0, 0.0, 0.0, 1.0]]}, {"file_path": "rgb/13_28_14_024", "transform_matrix": [[0.2704197313389797, -0.40117617311663256, 0.8751747522786791, 3.2356481743060113], [0.11487520642741841, 0.9159945633569567, 0.38439256867004573, -0.1707607968060386], [-0.955864454748063, -0.0034114548203759572, 0.29378819943148937, 1.1633937331297592], [0.0, 0.0, 0.0, 1.0]]}, {"file_path": "rgb/13_17_07_465", "transform_matrix": [[-0.7989177304862944, 0.23661749011569075, -0.5529399816308993, -2.491692629921813], [-0.0222640860777075, 0.9070944906141264, 0.4203378350429836, -0.0381231996740405], [0.6010280945061993, 0.34812605255689905, -0.7194257996106324, -3.001119199895811], [0.0, 0.0, 0.0, 1.0]]}, {"file_path": "rgb/13_26_05_713", "transform_matrix": [[-0.34095117065579045, -0.3790679163368576, 0.8602672922019522, 3.354318088946481], [0.1391404407015035, 0.8846717394045313, 0.44496724740181964, 0.06897298116182513], [-0.929726969055882, 0.2714100740632039, -0.24888618826115844, -0.9636364236328533], [0.0, 0.0, 0.0, 1.0]]}, {"file_path": "rgb/13_11_07_150", "transform_matrix": [[0.8202196546897743, 0.25452646386268024, -0.5123045942153427, -2.0482847875512333], [-0.05390831463122833, 0.9259673310429212, 0.3737357294330713, -0.1818709057069998], [0.5695029514183465, -0.27892791368884023, 0.7732176972179201, 2.720566015653336], [0.0, 0.0, 0.0, 1.0]]}, {"file_path": "rgb/13_17_15_842", "transform_matrix": [[-0.7954199228918254, 0.30200574851754736, -0.5254518761305533, -2.4342731475423753], [-0.024240247665633374, 0.8504512801560334, 0.5254950337292182, 0.4412524913283206], [0.605573741719265, 0.43072630282270835, -0.669145197544456, -2.8741521484220867], [0.0, 0.0, 0.0, 1.0]]}, {"file_path": "rgb/13_22_56_162", "transform_matrix": [[-0.8388411435895371, -0.13325143896158664, 0.5278158673591234, 2.2454407564970964], [0.10931159755349269, 0.9086000762887664, 0.4031090125615539, -0.13658712159435107], [-0.5332883933311323, 0.3958408207634911, -0.7476051993904166, -2.897020760287249], [0.0, 0.0, 0.0, 1.0]]}, {"file_path": "rgb/13_23_12_411", "transform_matrix": [[-0.8467236237125083, -0.2734560022842214, 0.45637804489467937, 2.0579859334514587], [0.10640422509816388, 0.7534315703208063, 0.6488597766275724, 0.888035819288124], [-0.5212842275845466, 0.5979654535662201, -0.6088514354199444, -2.4511942497144616], [0.0, 0.0, 0.0, 1.0]]}, {"file_path": "rgb/13_09_17_655", "transform_matrix": [[0.9999013823004743, -0.004970542173358676, 0.013134663456036423, 0.045193744674670605], [0.00020444267748652239, 0.9403232879483372, 0.34028234210023306, -0.3407923393926161], [-0.0140422176593335, -0.3402460989527011, 0.9402315716198199, 3.8331607790556537], [0.0, 0.0, 0.0, 1.0]]}, {"file_path": "rgb/13_13_05_372", "transform_matrix": [[0.3237523519964444, 0.3247614344878883, -0.8886587788606708, -4.099320256064029], [-0.081083075299357, 0.9453128400156473, 0.31592589226201434, -0.44765024743355336], [0.9426611000124959, -0.03022656399460787, 0.332379911174413, 1.060654075856197], [0.0, 0.0, 0.0, 1.0]]}, {"file_path": "rgb/13_25_03_253", "transform_matrix": [[-0.6132797044400358, -0.3088729251834127, 0.7269700958159034, 2.875989617071999], [0.1302900190521623, 0.868205219241284, 0.4787945365368959, 0.21846645815060062], [-0.779045900481691, 0.38835191948905784, -0.49220958094274736, -2.0091264842238727], [0.0, 0.0, 0.0, 1.0]]}, {"file_path": "rgb/13_17_32_152", "transform_matrix": [[-0.7853470914503468, 0.4509574654099117, -0.4241076636203933, -2.073144955533515], [-0.03193844582654761, 0.6546600921341543, 0.7552483693759855, 1.2577137399112168], [0.6182312525492907, 0.6066774498512113, -0.49973251866710244, -2.311244254000177], [0.0, 0.0, 0.0, 1.0]]}, {"file_path": "rgb/13_09_33_784", "transform_matrix": [[0.9994389959819491, -0.01461842617161322, 0.03013295416745942, 0.07419117858254753], [-0.006709148725460109, 0.7940894175602382, 0.6077639214713401, 0.6065426204593662], [-0.03281281204000599, -0.6076251299404152, 0.7935458530109779, 3.352432761533159], [0.0, 0.0, 0.0, 1.0]]}, {"file_path": "rgb/13_31_37_517", "transform_matrix": [[0.9403764816780359, -0.19096423599106016, 0.2814688850995589, 1.1579695851101794], [0.029625778827114795, 0.870360650772926, 0.49152278768640567, 0.2458327437753559], [-0.33884271563031243, -0.4538777348124484, 0.8241241507842101, 3.237684415864374], [0.0, 0.0, 0.0, 1.0]]}, {"file_path": "rgb/13_10_11_689", "transform_matrix": [[0.9562111098829837, 0.12987426170149277, -0.26228417696049483, -1.0945745641541387], [-0.030254106352295133, 0.9352137923125612, 0.35278867855584795, -0.2814279376866727], [0.29110994896288905, -0.3294052804917517, 0.8981910480510115, 3.457438148777776], [0.0, 0.0, 0.0, 1.0]]}, {"file_path": "rgb/13_30_20_652", "transform_matrix": [[0.7988486989492887, -0.19002705451883556, 0.5707280216862705, 2.322035055476648], [0.06572011537464642, 0.9706826559817155, 0.23120563966180746, -0.8259227657543209], [-0.5979311186266956, -0.14719001300080758, 0.7879171767709157, 3.121182456798486], [0.0, 0.0, 0.0, 1.0]]}, {"file_path": "rgb/13_10_03_854", "transform_matrix": [[0.9545270306810885, 0.09884687222921447, -0.28126045500504565, -1.1389809778612163], [-0.0302753025791079, 0.9706957714138921, 0.23839699119941157, -0.7791664682548866], [0.2965831312682625, -0.21904112675406462, 0.9295479713481289, 3.490536022280743], [0.0, 0.0, 0.0, 1.0]]}, {"file_path": "rgb/13_25_36_660", "transform_matrix": [[-0.32688938653716265, -0.06965346524531282, 0.9424922937343716, 4.166413972426835], [0.13787464115207934, 0.9830954242407646, 0.12047393977145456, -1.384264538755369], [-0.9349512887292806, 0.16932743905283237, -0.3117600136118588, -1.3727182282696526], [0.0, 0.0, 0.0, 1.0]]}, {"file_path": "rgb/13_28_31_086", "transform_matrix": [[0.25418581371888394, -0.6468066207287199, 0.7190485153906951, 2.707857571119628], [0.10832763589090126, 0.757829363948054, 0.6433970612618433, 0.7395156076459551], [-0.9610695580478849, -0.085649579798044, 0.2626965056373254, 1.0719857598455234], [0.0, 0.0, 0.0, 1.0]]}, {"file_path": "rgb/13_16_23_403", "transform_matrix": [[-0.5559210089398889, 0.5122872642234788, -0.654609494839235, -3.0376089063251537], [-0.05606360803325264, 0.7626131310114244, 0.6444207354386153, 0.9114001108029472], [0.8293423320158863, 0.39494679556033274, -0.3952319888408263, -1.9219997321393425], [0.0, 0.0, 0.0, 1.0]]}, {"file_path": "rgb/13_10_43_128", "transform_matrix": [[0.813320568559282, 0.066317063851177, -0.5780239612685315, -2.639151579329733], [-0.05439306167562285, 0.9977984315644729, 0.03794317868905589, -1.7217416534387473], [0.5792676821642632, 0.0005805253109377022, 0.8151371758117805, 3.285304097275264], [0.0, 0.0, 0.0, 1.0]]}, {"file_path": "rgb/13_18_06_138", "transform_matrix": [[-0.9323860201115278, 0.08930762293949261, -0.3502577022500475, -1.390288612253482], [0.01190929084006388, 0.9760610378060616, 0.2171704843403926, -0.897592285860212], [0.36126787608680655, 0.19831540273476314, -0.9111292568817427, -4.428713677093049], [0.0, 0.0, 0.0, 1.0]]}, {"file_path": "rgb/13_09_25_667", "transform_matrix": [[0.9997133470780721, -0.01021368423764136, 0.021654198859614563, 0.06256109164640081], [-0.0018377020388377172, 0.8690376924384445, 0.49474247035450664, 0.25091748954873666], [-0.023871458379714234, -0.49464044494517156, 0.8687698105362938, 3.5993037115722974], [0.0, 0.0, 0.0, 1.0]]}, {"file_path": "rgb/13_17_23_873", "transform_matrix": [[-0.7898703935707593, 0.38984975876032374, -0.4734151739803981, -2.2504482254330322], [-0.026469443106641188, 0.7495566312973752, 0.6614107839004097, 0.968839400222088], [0.6127023175588595, 0.5349598322048561, -0.581733485356786, -2.5713524169924], [0.0, 0.0, 0.0, 1.0]]}, {"file_path": "rgb/13_13_22_578", "transform_matrix": [[0.3385281267079616, 0.5614989295532564, -0.7550613614390195, -3.6785499937762642], [-0.08456047719523309, 0.8173476109003472, 0.5699056138098734, 0.6060279503522654], [0.9371489919559817, -0.1290807308084416, 0.3241757730149584, 1.0448099573553034], [0.0, 0.0, 0.0, 1.0]]}, {"file_path": "rgb/13_27_01_099", "transform_matrix": [[-0.041485725941210826, -0.410722870329895, 0.9108159299941468, 3.5082405577523663], [0.13140060327223674, 0.9014400602180538, 0.4124799380500388, -0.06108857761592623], [-0.9904609108908954, 0.13679379233738584, 0.016572337648418155, 0.10140280397975394], [0.0, 0.0, 0.0, 1.0]]}, {"file_path": "rgb/13_16_31_268", "transform_matrix": [[-0.5504881546276268, 0.5955709385576038, -0.5850282461217445, -2.8003896572295464], [-0.0602653239124776, 0.6705870608135737, 0.739378850524639, 1.205683510061075], [0.8326649280163021, 0.44227621574648, -0.33325795809939607, -1.7307637036463122], [0.0, 0.0, 0.0, 1.0]]}, {"file_path": "rgb/13_21_09_205", "transform_matrix": [[-0.9677320767484149, 0.02514572548293907, 0.25072359307041, 1.49854360575404], [0.07875675939719964, 0.9753432829377668, 0.2061622013789887, -0.9755718078790109], [-0.23935747425441214, 0.2192559529821613, -0.9458513765917096, -4.361540877505791], [0.0, 0.0, 0.0, 1.0]]}, {"file_path": "rgb/13_15_08_008", "transform_matrix": [[-0.2795453370626726, 0.344138077246406, -0.8963388802878424, -3.9111504385405285], [-0.07266623552335214, 0.9232966927246257, 0.37715094513819336, -0.19242164539880047], [0.9573787248217815, 0.17056436026589578, -0.23309606660281548, -1.301618703371975], [0.0, 0.0, 0.0, 1.0]]}, {"file_path": "rgb/13_13_13_929", "transform_matrix": [[0.3296163710715174, 0.42611297225012257, -0.8424848858002202, -3.989041237064295], [-0.08168107853069481, 0.9018790093799762, 0.42419624450230015, 0.03734306731711406], [0.9405749567853198, -0.071006952617043, 0.33207945336671274, 1.088268666847581], [0.0, 0.0, 0.0, 1.0]]}, {"file_path": "rgb/13_26_36_437", "transform_matrix": [[-0.02853215771938321, -0.08268936737923481, 0.9961668457132559, 4.349101253805715], [0.1313869264508685, 0.9876161463765093, 0.08574277213973727, -1.540491692850973], [-0.9909204768969457, 0.13332972638850948, -0.017314517824499814, -0.036421807864462336], [0.0, 0.0, 0.0, 1.0]]}, {"file_path": "rgb/13_13_50_006", "transform_matrix": [[0.020870990325821213, 0.13561519983882495, -0.9905417302342671, -5.000224316231646], [-0.0801548701058537, 0.9877952798212988, 0.13355029749527078, -1.2817903759647944], [0.9965638958747869, 0.07660941675432101, 0.03148648445650269, -0.2908195825155871], [0.0, 0.0, 0.0, 1.0]]}, {"file_path": "rgb/13_29_34_115", "transform_matrix": [[0.5702167423733632, -0.3463397217888942, 0.7449172194467657, 3.1914995424494013], [0.09430371455197337, 0.9283856100412443, 0.35945370841048047, -0.2794021579542075], [-0.8160635245731851, -0.13471806181629148, 0.5620421404856156, 2.352711306110677], [0.0, 0.0, 0.0, 1.0]]}, {"file_path": "rgb/13_29_50_472", "transform_matrix": [[0.5576535887191092, -0.555826144381483, 0.6165061007084301, 2.7643499904702433], [0.09100882834335022, 0.77917546225224, 0.6201636817708519, 0.6352563363551399], [-0.8250696141249346, -0.2897290048407696, 0.48509507892959314, 2.1244601181558185], [0.0, 0.0, 0.0, 1.0]]}, {"file_path": "rgb/13_11_23_692", "transform_matrix": [[0.8297480218239668, 0.3912191860512624, -0.39807759136203774, -1.6785669123216342], [-0.058286939316953904, 0.7700613925857079, 0.6353015696140077, 0.7422180950700897], [0.5550863473228965, -0.5039374962377258, 0.6617598861379981, 2.335013613032378], [0.0, 0.0, 0.0, 1.0]]}, {"file_path": "rgb/13_23_04_293", "transform_matrix": [[-0.8421044453625824, -0.19448950544568966, 0.5030247860414715, 2.2042487559915287], [0.10733531670907652, 0.8536131569852413, 0.5097290535261376, 0.34738112391049414], [-0.528525527186284, 0.483237426627099, -0.6979558414536547, -2.7705214500401243], [0.0, 0.0, 0.0, 1.0]]}, {"file_path": "rgb/13_32_16_303", "transform_matrix": [[0.9999793378396519, -0.0010306336404621755, 0.006345209852354312, 0.08201750361348108], [-0.0004255946720798152, 0.974284235569672, 0.22532209654091775, -0.8101347475834086], [-0.00641426246316459, -0.2253201413871354, 0.974263666120386, 3.5128891731111573], [0.0, 0.0, 0.0, 1.0]]}, {"file_path": "rgb/13_28_05_379", "transform_matrix": [[0.2762933632344845, -0.29519502818881493, 0.9146156967629531, 3.3008992281838103], [0.11684046938498244, 0.9549188736221268, 0.27290703456332044, -0.6569138795735945], [-0.9539445907108411, 0.03146172488680672, 0.2983284728628372, 1.145491452078076], [0.0, 0.0, 0.0, 1.0]]}, {"file_path": "rgb/13_09_48_072", "transform_matrix": [[0.951900330528664, 0.03293650503440874, -0.3046324791868693, -1.447998358323359], [-0.029835575989768236, 0.9994447994431597, 0.014830079951942906, -1.8436082701631518], [0.30495179806779127, -0.005027872526289584, 0.9523545145338893, 4.140537874745118], [0.0, 0.0, 0.0, 1.0]]}, {"file_path": "rgb/13_27_10_105", "transform_matrix": [[-0.05319041823648791, -0.558685423194379, 0.8276722644368031, 3.232530428303124], [0.1253994649078118, 0.8185472868985331, 0.5605847958265411, 0.5059499865083176], [-0.990679440388596, 0.13360739882644193, 0.026519980583894046, 0.16024220535213018], [0.0, 0.0, 0.0, 1.0]]}, {"file_path": "rgb/13_20_10_082", "transform_matrix": [[-0.9946309938661403, 0.09344536142203047, -0.04446516017691883, 0.19804861141040542], [0.03946107898501962, 0.7396889720086659, 0.6717909257604637, 1.0206839859936996], [0.0956661344791927, 0.6664294329615617, -0.7394050321686616, -3.2214332591898582], [0.0, 0.0, 0.0, 1.0]]}, {"file_path": "rgb/13_14_31_034", "transform_matrix": [[0.04991195006976008, 0.7020880514373566, -0.7103387679615473, -3.471364461851557], [-0.08732539851364177, 0.7115691812223831, 0.697168254518908, 1.0214541480942307], [0.9949286768480777, 0.02723358888216197, 0.09682592432778507, -0.029943567360810407], [0.0, 0.0, 0.0, 1.0]]}, {"file_path": "rgb/13_30_59_231", "transform_matrix": [[0.9488407639264763, -0.03138876730157404, 0.3141909451252663, 1.4349314918248885], [0.03371767906064922, 0.9994294376497714, -0.001979211414748293, -1.9159478515423207], [-0.3139495545946569, 0.01247174592223757, 0.949357747492202, 4.202721957940802], [0.0, 0.0, 0.0, 1.0]]}, {"file_path": "rgb/13_12_32_334", "transform_matrix": [[0.31899248073680087, 0.12107665958073414, -0.9399916168446143, -4.007971823845474], [-0.08119314608842232, 0.9916512405026974, 0.10017729402277502, -1.4108404597285356], [0.9442729850322127, 0.044365073134532244, 0.3261598841429181, 0.8214791827196484], [0.0, 0.0, 0.0, 1.0]]}, {"file_path": "rgb/13_30_04_562", "transform_matrix": [[0.8045692536713916, -0.05855417570796005, 0.5909650789630644, 2.7423803757901664], [0.06753551062868568, 0.9976929593802402, 0.00690750368950715, -1.8989522802973877], [-0.5900061617057759, 0.03435356328329297, 0.806667565877641, 3.6915595040177247], [0.0, 0.0, 0.0, 1.0]]}, {"file_path": "rgb/13_22_16_193", "transform_matrix": [[-0.9669238230991963, -0.10812974929306726, 0.23101142318303672, 1.0580118439536643], [0.07515197539775956, 0.7447158887121696, 0.6631368076750509, 0.961451784623197], [-0.24374269407932675, 0.6585637421066098, -0.7119573699776484, -3.0188056498689972], [0.0, 0.0, 0.0, 1.0]]}, {"file_path": "rgb/13_22_07_527", "transform_matrix": [[-0.96470442004437, -0.07031102268620949, 0.2537749830768881, 1.1244618987734178], [0.07628679491436485, 0.8477527844960773, 0.5248766915198666, 0.4245082971719718], [-0.2520430655037925, 0.5257105443758636, -0.8124670557404058, -3.373183169474038], [0.0, 0.0, 0.0, 1.0]]}]}