{"camera_angle_x": 0.6981317007977318, "w": 512, "h": 512, "frames": [{"file_path": "train_000", "transform_matrix": [[0.0, 0.9848078489303589, -0.1736481934785843, -0.6945927143096924], [0.0, 0.1736481934785843, 0.9848078489303589, 3.9392309188842773], [1.0, 0.0, 0.0, 0.0], [0.0, 0.0, 0.0, 1.0]]}, {"file_path": "train_001", "transform_matrix": [[0.0, 0.8910065293312073, -0.45399048924446106, -1.8159619569778442], [0.0, 0.45399048924446106, 0.8910065293312073, 3.564026117324829], [1.0, 0.0, 0.0, 0.0], [0.0, 0.0, 0.0, 1.0]]}, {"file_path": "train_002", "transform_matrix": [[0.0, 0.7193397879600525, -0.6946583986282349, -2.7786335945129395], [0.0, 0.6946583986282349, 0.7193397879600525, 2.87735915184021], [1.0, 0.0, 0.0, 0.0], [0.0, 0.0, 0.0, 1.0]]}, {"file_path": "train_003", "transform_matrix": [[-0.0, 0.484809547662735, -0.8746197819709778, -3.498479127883911], [0.0, 0.8746197819709778, 0.484809547662735, 1.93923819065094], [1.0, 0.0, 0.0, 0.0], [0.0, 0.0, 0.0, 1.0]]}, {"file_path": "train_004", "transform_matrix": [[-0.0, 0.2079116404056549, -0.9781476259231567, -3.912590503692627], [0.0, 0.978147566318512, 0.2079116553068161, 0.8316466212272644], [0.9999998807907104, 0.0, 0.0, 0.0], [0.0, 0.0, 0.0, 1.0]]}, {"file_path": "train_005", "transform_matrix": [[-0.0, -0.0871557667851448, -0.9961947202682495, -3.984778881072998], [0.0, 0.9961947202682495, -0.0871557667851448, -0.3486230671405792], [1.0, 0.0, 0.0, 0.0], [0.0, 0.0, 0.0, 1.0]]}, {"file_path": "train_006", "transform_matrix": [[-0.0, -0.3746066391468048, -0.9271838665008545, -3.708735466003418], [0.0, 0.9271838665008545, -0.3746066391468048, -1.4984265565872192], [1.0, 0.0, 0.0, 0.0], [0.0, 0.0, 0.0, 1.0]]}, {"file_path": "train_007", "transform_matrix": [[-0.0, -0.6293203830718994, -0.7771461009979248, -3.108583927154541], [0.0, 0.7771461009979248, -0.6293203830718994, -2.5172812938690186], [1.0, 0.0, 0.0, 0.0], [0.0, 0.0, 0.0, 1.0]]}, {"file_path": "train_008", "transform_matrix": [[-0.0, -0.8290374875068665, -0.5591930150985718, -2.236772060394287], [-0.0, 0.5591930150985718, -0.8290374875068665, -3.316149950027466], [1.0, 0.0, 0.0, 0.0], [0.0, 0.0, 0.0, 1.0]]}, {"file_path": "train_009", "transform_matrix": [[-0.0, -0.9563047289848328, -0.29237183928489685, -1.1694873571395874], [-0.0, 0.29237183928489685, -0.9563047289848328, -3.825218915939331], [1.0, 0.0, 0.0, 0.0], [0.0, 0.0, 0.0, 1.0]]}, {"file_path": "train_010", "transform_matrix": [[0.30901700258255005, 0.9366078972816467, -0.1651492565870285, -0.6605969667434692], [-1.3787714303603593e-09, 0.1736481785774231, 0.9848078489303589, 3.9392309188842773], [0.9510564804077148, -0.30432236194610596, 0.05366024374961853, 0.21464094519615173], [0.0, 0.0, 0.0, 1.0]]}, {"file_path": "train_011", "transform_matrix": [[0.30901703238487244, 0.8473976254463196, -0.4317706227302551, -1.7270824909210205], [6.792425510937505e-10, 0.45399051904678345, 0.8910065293312073, 3.564026117324829], [0.9510565996170044, -0.27533620595932007, 0.1402907818555832, 0.5611631274223328], [0.0, 0.0, 0.0, 1.0]]}, {"file_path": "train_012", "transform_matrix": [[0.30901697278022766, 0.6841327548027039, -0.6606594324111938, -2.6426377296447754], [1.0375957870678576e-09, 0.6946583986282349, 0.7193397879600525, 2.87735915184021], [0.9510564804077148, -0.22228822112083435, 0.21466125547885895, 0.8586450219154358], [0.0, 0.0, 0.0, 1.0]]}, {"file_path": "train_013", "transform_matrix": [[0.30901697278022766, 0.46108126640319824, -0.831812858581543, -3.327251434326172], [1.3828720391018123e-08, 0.8746197819709778, 0.484809547662735, 1.93923819065094], [0.9510564804077148, -0.14981438219547272, 0.2702723741531372, 1.0810894966125488], [0.0, 0.0, 0.0, 1.0]]}, {"file_path": "train_014", "transform_matrix": [[0.30901700258255005, 0.1977357566356659, -0.930273711681366, -3.721094846725464], [-9.069746620404828e-10, 0.9781476855278015, 0.2079116702079773, 0.8316466808319092], [0.9510565400123596, -0.06424824148416519, 0.3022642433643341, 1.2090569734573364], [0.0, 0.0, 0.0, 1.0]]}, {"file_path": "train_015", "transform_matrix": [[0.3090169429779053, -0.08289005607366562, -0.9474375247955322, -3.789750099182129], [-1.0184941778845769e-10, 0.9961947202682495, -0.0871557742357254, -0.3486230969429016], [0.9510564804077148, 0.02693260833621025, 0.30784109234809875, 1.231364369392395], [0.0, 0.0, 0.0, 1.0]]}, {"file_path": "train_016", "transform_matrix": [[0.30901697278022766, -0.35627201199531555, -0.8818042874336243, -3.527217149734497], [1.5396384167587485e-09, 0.9271838068962097, -0.3746066093444824, -1.4984264373779297], [0.9510564208030701, 0.11575979739427567, 0.28651559352874756, 1.1460623741149902], [0.0, 0.0, 0.0, 1.0]]}, {"file_path": "train_017", "transform_matrix": [[0.3090169429779053, -0.5985190868377686, -0.7391097545623779, -2.9564390182495117], [-5.332267516422462e-09, 0.7771459221839905, -0.6293203234672546, -2.5172812938690186], [0.9510564208030701, 0.19447064399719238, 0.2401513308286667, 0.9606053233146667], [0.0, 0.0, 0.0, 1.0]]}, {"file_path": "train_018", "transform_matrix": [[0.30901700258255005, -0.7884615063667297, -0.5318241715431213, -2.1272966861724854], [8.926436478873256e-09, 0.5591930150985718, -0.8290374875068665, -3.316149950027466], [0.9510565400123596, 0.25618669390678406, 0.17280015349388123, 0.6912006139755249], [0.0, 0.0, 0.0, 1.0]]}, {"file_path": "train_019", "transform_matrix": [[0.30901703238487244, -0.9094998836517334, -0.2780621349811554, -1.1122485399246216], [1.250978098887856e-09, 0.29237183928489685, -0.9563047289848328, -3.825218915939331], [0.9510565400123596, 0.29551443457603455, 0.09034787118434906, 0.36139148473739624], [0.0, 0.0, 0.0, 1.0]]}, {"file_path": "train_020", "transform_matrix": [[0.5877852439880371, 0.7967262864112854, -0.14048433303833008, -0.5619372725486755], [-1.3385272890076294e-09, 0.17364820837974548, 0.9848078489303589, 3.9392309188842773], [0.80901700258255, -0.5788555145263672, 0.10206784307956696, 0.40827131271362305], [0.0, 0.0, 0.0, 1.0]]}, {"file_path": "train_021", "transform_matrix": [[0.5877852439880371, 0.7208393812179565, -0.3672860264778137, -1.4691441059112549], [-5.0790087691154895e-09, 0.45399048924446106, 0.8910065293312073, 3.564026117324829], [0.8090169429779053, -0.5237205028533936, 0.26684892177581787, 1.0673956871032715], [0.0, 0.0, 0.0, 1.0]]}, {"file_path": "train_022", "transform_matrix": [[0.5877852439880371, 0.5819581151008606, -0.5619904398918152, -2.2479617595672607], [-6.331124069447469e-09, 0.6946583986282349, 0.7193397879600525, 2.87735915184021], [0.80901700258255, -0.42281731963157654, 0.4083099663257599, 1.6332398653030396], [0.0, 0.0, 0.0, 1.0]]}, {"file_path": "train_023", "transform_matrix": [[0.5877852439880371, 0.3922191560268402, -0.7075822949409485, -2.830329179763794], [4.622525140440814e-10, 0.8746198415756226, 0.4848095178604126, 1.9392380714416504], [0.80901700258255, -0.2849639058113098, 0.5140886306762695, 2.056354522705078], [0.0, 0.0, 0.0, 1.0]]}, {"file_path": "train_024", "transform_matrix": [[0.5877852439880371, 0.16820406913757324, -0.7913380861282349, -3.1653523445129395], [5.7988671642306144e-09, 0.9781476259231567, 0.2079116553068161, 0.8316466212272644], [0.80901700258255, -0.1222074031829834, 0.5749407410621643, 2.2997629642486572], [0.0, 0.0, 0.0, 1.0]]}, {"file_path": "train_025", "transform_matrix": [[0.5877851843833923, -0.07051049172878265, -0.8059384822845459, -3.2237539291381836], [9.959574276408034e-10, 0.9961946606636047, -0.0871557667851448, -0.3486230671405792], [0.8090169429779053, 0.05122886970639229, 0.5855485796928406, 2.3421943187713623], [0.0, 0.0, 0.0, 1.0]]}, {"file_path": "train_026", "transform_matrix": [[0.5877852439880371, -0.30306312441825867, -0.7501075267791748, -3.000430107116699], [3.789582425639537e-09, 0.9271838665008545, -0.3746066093444824, -1.4984264373779297], [0.80901700258255, 0.22018824517726898, 0.5449849963188171, 2.1799399852752686], [0.0, 0.0, 0.0, 1.0]]}, {"file_path": "train_027", "transform_matrix": [[0.5877851843833923, -0.5091307759284973, -0.6287243366241455, -2.514897346496582], [-2.0156938340676334e-09, 0.7771459221839905, -0.6293203234672546, -2.5172812938690186], [0.8090169429779053, 0.36990517377853394, 0.45679497718811035, 1.8271799087524414], [0.0, 0.0, 0.0, 1.0]]}, {"file_path": "train_028", "transform_matrix": [[0.5877852439880371, -0.6707054376602173, -0.4523966610431671, -1.8095866441726685], [1.0330456490237339e-08, 0.5591930150985718, -0.8290374875068665, -3.316149950027466], [0.80901700258255, 0.4872960150241852, 0.3286854028701782, 1.314741611480713], [0.0, 0.0, 0.0, 1.0]]}, {"file_path": "train_029", "transform_matrix": [[0.5877853035926819, -0.7736668586730957, -0.2365337759256363, -0.9461351037025452], [-8.386788152847657e-09, 0.29237186908721924, -0.9563047289848328, -3.825218915939331], [0.8090170621871948, 0.5621018409729004, 0.17185185849666595, 0.6874074339866638], [0.0, 0.0, 0.0, 1.0]]}, {"file_path": "train_030", "transform_matrix": [[0.80901700258255, 0.5788555145263672, -0.10206784307956696, -0.40827131271362305], [1.3385272890076294e-09, 0.17364820837974548, 0.9848078489303589, 3.9392309188842773], [0.5877852439880371, -0.7967262864112854, 0.14048433303833008, 0.5619372725486755], [0.0, 0.0, 0.0, 1.0]]}, {"file_path": "train_031", "transform_matrix": [[0.8090169429779053, 0.5237205028533936, -0.26684892177581787, -1.0673956871032715], [5.0790087691154895e-09, 0.45399048924446106, 0.8910065293312073, 3.564026117324829], [0.5877852439880371, -0.7208393812179565, 0.3672860264778137, 1.4691441059112549], [0.0, 0.0, 0.0, 1.0]]}, {"file_path": "train_032", "transform_matrix": [[0.80901700258255, 0.42281731963157654, -0.4083099663257599, -1.6332398653030396], [6.331124069447469e-09, 0.6946583986282349, 0.7193397879600525, 2.87735915184021], [0.5877852439880371, -0.5819581151008606, 0.5619904398918152, 2.2479617595672607], [0.0, 0.0, 0.0, 1.0]]}, {"file_path": "train_033", "transform_matrix": [[0.80901700258255, 0.2849639058113098, -0.5140886306762695, -2.056354522705078], [-4.6225243077735456e-10, 0.8746198415756226, 0.4848095178604126, 1.9392380714416504], [0.5877852439880371, -0.3922191560268402, 0.7075822949409485, 2.830329179763794], [0.0, 0.0, 0.0, 1.0]]}, {"file_path": "train_034", "transform_matrix": [[0.80901700258255, 0.1222074031829834, -0.5749407410621643, -2.2997629642486572], [-5.7988671642306144e-09, 0.9781476259231567, 0.2079116553068161, 0.8316466212272644], [0.5877852439880371, -0.16820406913757324, 0.7913380861282349, 3.1653523445129395], [0.0, 0.0, 0.0, 1.0]]}, {"file_path": "train_035", "transform_matrix": [[0.8090169429779053, -0.05122886970639229, -0.5855485796928406, -2.3421943187713623], [-9.959574276408034e-10, 0.9961946606636047, -0.0871557667851448, -0.3486230671405792], [0.5877851843833923, 0.07051049172878265, 0.8059384822845459, 3.2237539291381836], [0.0, 0.0, 0.0, 1.0]]}, {"file_path": "train_036", "transform_matrix": [[0.80901700258255, -0.22018824517726898, -0.5449849963188171, -2.1799399852752686], [-3.789582425639537e-09, 0.9271838665008545, -0.3746066093444824, -1.4984264373779297], [0.5877852439880371, 0.30306312441825867, 0.7501075267791748, 3.000430107116699], [0.0, 0.0, 0.0, 1.0]]}, {"file_path": "train_037", "transform_matrix": [[0.8090169429779053, -0.36990517377853394, -0.45679497718811035, -1.8271799087524414], [2.0156938340676334e-09, 0.7771459221839905, -0.6293203234672546, -2.5172812938690186], [0.5877851843833923, 0.5091307759284973, 0.6287243366241455, 2.514897346496582], [0.0, 0.0, 0.0, 1.0]]}, {"file_path": "train_038", "transform_matrix": [[0.80901700258255, -0.4872960150241852, -0.3286854028701782, -1.314741611480713], [-1.0330456490237339e-08, 0.5591930150985718, -0.8290374875068665, -3.316149950027466], [0.5877852439880371, 0.6707054376602173, 0.4523966610431671, 1.8095866441726685], [0.0, 0.0, 0.0, 1.0]]}, {"file_path": "train_039", "transform_matrix": [[0.8090170621871948, -0.5621018409729004, -0.17185185849666595, -0.6874074339866638], [8.386789041026077e-09, 0.29237186908721924, -0.9563047289848328, -3.825218915939331], [0.5877853035926819, 0.7736668586730957, 0.2365337759256363, 0.9461351037025452], [0.0, 0.0, 0.0, 1.0]]}, {"file_path": "train_040", "transform_matrix": [[0.9510564804077148, 0.30432233214378357, -0.05366024374961853, -0.21464094519615173], [-1.7232903992692172e-09, 0.1736481934785843, 0.9848078489303589, 3.9392309188842773], [0.30901697278022766, -0.9366078972816467, 0.1651492565870285, 0.6605969667434692], [0.0, 0.0, 0.0, 1.0]]}, {"file_path": "train_041", "transform_matrix": [[0.9510565996170044, 0.2753361463546753, -0.140290766954422, -0.561163067817688], [-1.3065890591690277e-08, 0.45399051904678345, 0.8910065293312073, 3.564026117324829], [0.30901697278022766, -0.8473976254463196, 0.4317706227302551, 1.7270824909210205], [0.0, 0.0, 0.0, 1.0]]}, {"file_path": "train_042", "transform_matrix": [[0.9510564804077148, 0.22228817641735077, -0.21466122567653656, -0.8586449027061462], [1.1407429667542601e-08, 0.6946583986282349, 0.7193398475646973, 2.877359390258789], [0.3090169429779053, -0.6841327548027039, 0.6606594324111938, 2.6426377296447754], [0.0, 0.0, 0.0, 1.0]]}, {"file_path": "train_043", "transform_matrix": [[0.9510564804077148, 0.14981436729431152, -0.2702723443508148, -1.0810893774032593], [6.621000636641838e-09, 0.8746197819709778, 0.4848095774650574, 1.9392383098602295], [0.3090169429779053, -0.46108126640319824, 0.831812858581543, 3.327251434326172], [0.0, 0.0, 0.0, 1.0]]}, {"file_path": "train_044", "transform_matrix": [[0.9510565400123596, 0.0642482340335846, -0.30226418375968933, -1.2090567350387573], [-1.884423062037399e-09, 0.9781476855278015, 0.2079116553068161, 0.8316466212272644], [0.3090169429779053, -0.1977357417345047, 0.930273711681366, 3.721094846725464], [0.0, 0.0, 0.0, 1.0]]}, {"file_path": "train_045", "transform_matrix": [[0.9510564804077148, -0.0269326064735651, -0.30784106254577637, -1.2313642501831055], [-9.573137838003731e-10, 0.9961947202682495, -0.0871557667851448, -0.3486230671405792], [0.3090169131755829, 0.08289005607366562, 0.9474375247955322, 3.789750099182129], [0.0, 0.0, 0.0, 1.0]]}, {"file_path": "train_046", "transform_matrix": [[0.9510564208030701, -0.11575978994369507, -0.28651556372642517, -1.1460622549057007], [2.5081428045581333e-09, 0.9271838068962097, -0.3746066093444824, -1.4984264373779297], [0.3090169429779053, 0.35627201199531555, 0.8818042874336243, 3.527217149734497], [0.0, 0.0, 0.0, 1.0]]}, {"file_path": "train_047", "transform_matrix": [[0.9510564804077148, -0.19447068870067596, -0.24015134572982788, -0.960605263710022], [-5.63127144914688e-09, 0.7771459817886353, -0.6293203830718994, -2.5172812938690186], [0.30901697278022766, 0.5985192060470581, 0.7391098141670227, 2.956439256668091], [0.0, 0.0, 0.0, 1.0]]}, {"file_path": "train_048", "transform_matrix": [[0.9510565400123596, -0.25618669390678406, -0.17280013859272003, -0.6912005543708801], [6.343478631265498e-09, 0.5591930747032166, -0.8290374875068665, -3.316149950027466], [0.30901700258255005, 0.7884615063667297, 0.5318241715431213, 2.1272966861724854], [0.0, 0.0, 0.0, 1.0]]}, {"file_path": "train_049", "transform_matrix": [[0.9510565400123596, -0.29551443457603455, -0.09034786373376846, -0.36139145493507385], [5.525323754085321e-09, 0.29237183928489685, -0.9563047289848328, -3.825218915939331], [0.30901703238487244, 0.9094998836517334, 0.2780621349811554, 1.1122485399246216], [0.0, 0.0, 0.0, 1.0]]}, {"file_path": "train_050", "transform_matrix": [[1.0, -4.304731504589654e-08, 7.59040386100196e-09, 3.036161189129416e-08], [-2.858882310166665e-16, 0.1736481934785843, 0.9848077893257141, 3.9392306804656982], [-4.371138828673793e-08, -0.9848077893257141, 0.1736481934785843, 0.6945927143096924], [0.0, 0.0, 0.0, 1.0]]}, {"file_path": "train_051", "transform_matrix": [[0.9999998807907104, -3.894712818919288e-08, 1.9844554444148343e-08, 7.937821067116602e-08], [-1.8722814942620075e-16, 0.45399051904678345, 0.891006588935852, 3.56402587890625], [-4.371138118131057e-08, -0.8910065293312073, 0.45399054884910583, 1.8159619569778442], [0.0, 0.0, 0.0, 1.0]]}, {"file_path": "train_052", "transform_matrix": [[1.0, -3.1443342152215337e-08, 3.036448603666031e-08, 1.2145792993578652e-07], [6.574005345119877e-16, 0.6946584582328796, 0.7193397879600525, 2.877358913421631], [-4.371138828673793e-08, -0.7193397879600525, 0.6946584582328796, 2.7786335945129395], [0.0, 0.0, 0.0, 1.0]]}, {"file_path": "train_053", "transform_matrix": [[1.0, -2.119169550951483e-08, 3.823084426812784e-08, 1.5292337707251136e-07], [1.7908567729078232e-15, 0.8746197819709778, 0.4848094880580902, 1.9392379522323608], [-4.371138473402425e-08, -0.4848094880580902, 0.8746197819709778, 3.498479127883911], [0.0, 0.0, 0.0, 1.0]]}, {"file_path": "train_054", "transform_matrix": [[0.9999998807907104, -9.088105379362332e-09, 4.275618792348723e-08, 1.7102475169394893e-07], [5.311866432009069e-16, 0.978147566318512, 0.2079116255044937, 0.8316465020179749], [-4.371138473402425e-08, -0.20791161060333252, 0.9781476259231567, 3.912590503692627], [0.0, 0.0, 0.0, 1.0]]}, {"file_path": "train_055", "transform_matrix": [[1.0, 3.809699222756535e-09, 4.354505378501017e-08, 1.7418021514004067e-07], [-1.2098329080821802e-16, 0.9961947202682495, -0.08715575933456421, -0.34862303733825684], [-4.371139183945161e-08, 0.08715575933456421, 0.9961947202682495, 3.984778881072998], [0.0, 0.0, 0.0, 1.0]]}, {"file_path": "train_056", "transform_matrix": [[1.0, 1.637457280878607e-08, 4.0528494338332166e-08, 1.6211397735332866e-07], [9.08926385864001e-16, 0.9271838665008545, -0.37460657954216003, -1.4984263181686401], [-4.371138828673793e-08, 0.37460657954216003, 0.9271838665008545, 3.708735466003418], [0.0, 0.0, 0.0, 1.0]]}, {"file_path": "train_057", "transform_matrix": [[1.0, 2.7508464839343105e-08, 3.397013159656126e-08, 1.3588051217539032e-07], [1.1703971981101677e-15, 0.7771461009979248, -0.6293203234672546, -2.5172810554504395], [-4.371138473402425e-08, 0.6293203234672546, 0.7771461009979248, 3.108583927154541], [0.0, 0.0, 0.0, 1.0]]}, {"file_path": "train_058", "transform_matrix": [[1.0, 3.623838296107351e-08, 2.444310709392994e-08, 9.777241416486504e-08], [-9.538892240448641e-16, 0.5591930747032166, -0.8290375471115112, -3.3161497116088867], [-4.371139183945161e-08, 0.8290375471115112, 0.5591930747032166, 2.236772060394287], [0.0, 0.0, 0.0, 1.0]]}, {"file_path": "train_059", "transform_matrix": [[1.0, 4.180141033316431e-08, 1.2779980629318288e-08, 5.1119915411845795e-08], [-6.005231985461475e-17, 0.29237186908721924, -0.9563048481941223, -3.825218915939331], [-4.371138828673793e-08, 0.9563048481941223, 0.29237186908721924, 1.1694873571395874], [0.0, 0.0, 0.0, 1.0]]}, {"file_path": "train_060", "transform_matrix": [[0.9510565996170044, -0.3043222725391388, 0.053660228848457336, 0.21464088559150696], [6.236048899488367e-10, 0.17364820837974548, 0.9848078489303589, 3.9392309188842773], [-0.3090169429779053, -0.9366080164909363, 0.1651492416858673, 0.6605969071388245], [0.0, 0.0, 0.0, 1.0]]}, {"file_path": "train_061", "transform_matrix": [[0.9510565996170044, -0.2753360867500305, 0.1402907371520996, 0.5611629486083984], [-1.9876457424405913e-10, 0.45399051904678345, 0.8910065293312073, 3.564026117324829], [-0.3090169131755829, -0.8473976254463196, 0.4317706227302551, 1.7270824909210205], [0.0, 0.0, 0.0, 1.0]]}, {"file_path": "train_062", "transform_matrix": [[0.9510565400123596, -0.22228816151618958, 0.21466119587421417, 0.8586447834968567], [-1.035808505633895e-08, 0.6946583390235901, 0.7193397879600525, 2.87735915184021], [-0.3090169131755829, -0.6841328144073486, 0.6606594324111938, 2.6426377296447754], [0.0, 0.0, 0.0, 1.0]]}, {"file_path": "train_063", "transform_matrix": [[0.9510564804077148, -0.14981435239315033, 0.27027231454849243, 1.0810892581939697], [-1.33294264514916e-08, 0.874619722366333, 0.484809547662735, 1.93923819065094], [-0.3090169131755829, -0.46108126640319824, 0.831812858581543, 3.327251434326172], [0.0, 0.0, 0.0, 1.0]]}, {"file_path": "train_064", "transform_matrix": [[0.9510565400123596, -0.0642482116818428, 0.30226415395736694, 1.2090566158294678], [2.2352246720203084e-09, 0.9781476259231567, 0.2079116553068161, 0.8316466212272644], [-0.3090168833732605, -0.1977357417345047, 0.930273711681366, 3.721094846725464], [0.0, 0.0, 0.0, 1.0]]}, {"file_path": "train_065", "transform_matrix": [[0.9510565400123596, 0.026932604610919952, 0.3078410029411316, 1.2313640117645264], [-6.479946024207095e-10, 0.9961947202682495, -0.0871557667851448, -0.3486230671405792], [-0.3090169131755829, 0.08289006352424622, 0.9474375247955322, 3.789750099182129], [0.0, 0.0, 0.0, 1.0]]}, {"file_path": "train_066", "transform_matrix": [[0.9510564208030701, 0.11575976759195328, 0.2865155339241028, 1.1460621356964111], [8.552854424692669e-09, 0.9271837472915649, -0.3746066093444824, -1.4984264373779297], [-0.3090168833732605, 0.35627201199531555, 0.8818042874336243, 3.527217149734497], [0.0, 0.0, 0.0, 1.0]]}, {"file_path": "train_067", "transform_matrix": [[0.9510564804077148, 0.1944706290960312, 0.2401512712240219, 0.9606049656867981], [3.6253398061347752e-09, 0.7771459817886353, -0.6293203830718994, -2.5172812938690186], [-0.3090169131755829, 0.5985192060470581, 0.7391098141670227, 2.9564390182495117], [0.0, 0.0, 0.0, 1.0]]}, {"file_path": "train_068", "transform_matrix": [[0.9510565400123596, 0.2561866044998169, 0.17280009388923645, 0.6912003755569458], [1.5678340403724178e-08, 0.5591930150985718, -0.8290374875068665, -3.316149950027466], [-0.3090169131755829, 0.7884615063667297, 0.5318241715431213, 2.1272966861724854], [0.0, 0.0, 0.0, 1.0]]}, {"file_path": "train_069", "transform_matrix": [[0.9510565996170044, 0.29551437497138977, 0.09034784138202667, 0.3613913655281067], [-7.769837218063458e-09, 0.29237183928489685, -0.9563047289848328, -3.825218915939331], [-0.3090169429779053, 0.9094999432563782, 0.278062105178833, 1.112248420715332], [0.0, 0.0, 0.0, 1.0]]}, {"file_path": "train_070", "transform_matrix": [[0.80901700258255, -0.5788555145263672, 0.10206784307956696, 0.40827131271362305], [-1.3385272890076294e-09, 0.17364820837974548, 0.9848078489303589, 3.9392309188842773], [-0.5877852439880371, -0.7967262864112854, 0.14048433303833008, 0.5619372725486755], [0.0, 0.0, 0.0, 1.0]]}, {"file_path": "train_071", "transform_matrix": [[0.8090169429779053, -0.5237204432487488, 0.26684892177581787, 1.0673956871032715], [4.982467216585462e-10, 0.4539904296398163, 0.8910065293312073, 3.564026117324829], [-0.5877851843833923, -0.7208393812179565, 0.3672860562801361, 1.4691442251205444], [0.0, 0.0, 0.0, 1.0]]}, {"file_path": "train_072", "transform_matrix": [[0.80901700258255, -0.42281728982925415, 0.4083099663257599, 1.6332398653030396], [-5.736040975534706e-09, 0.6946583986282349, 0.7193397879600525, 2.87735915184021], [-0.5877851843833923, -0.5819581151008606, 0.56199049949646, 2.24796199798584], [0.0, 0.0, 0.0, 1.0]]}, {"file_path": "train_073", "transform_matrix": [[0.80901700258255, -0.28496384620666504, 0.5140885710716248, 2.056354522705078], [-1.3194643599945266e-08, 0.874619722366333, 0.4848094582557678, 1.93923819065094], [-0.5877851843833923, -0.3922191262245178, 0.7075822949409485, 2.830329418182373], [0.0, 0.0, 0.0, 1.0]]}, {"file_path": "train_074", "transform_matrix": [[0.8090170621871948, -0.12220738083124161, 0.5749406814575195, 2.2997629642486572], [-8.734604151072745e-09, 0.9781476259231567, 0.2079116255044937, 0.8316466212272644], [-0.5877852439880371, -0.16820405423641205, 0.7913380265235901, 3.1653525829315186], [0.0, 0.0, 0.0, 1.0]]}, {"file_path": "train_075", "transform_matrix": [[0.80901700258255, 0.05122886970639229, 0.5855485796928406, 2.3421943187713623], [-2.9250843969208518e-09, 0.9961947798728943, -0.0871557667851448, -0.3486230671405792], [-0.5877851843833923, 0.07051049917936325, 0.8059385418891907, 3.2237541675567627], [0.0, 0.0, 0.0, 1.0]]}, {"file_path": "train_076", "transform_matrix": [[0.80901700258255, 0.2201882153749466, 0.5449849963188171, 2.1799399852752686], [8.08055844458977e-09, 0.9271838665008545, -0.37460657954216003, -1.4984263181686401], [-0.5877851843833923, 0.30306312441825867, 0.7501075863838196, 3.0004303455352783], [0.0, 0.0, 0.0, 1.0]]}, {"file_path": "train_077", "transform_matrix": [[0.8090169429779053, 0.36990517377853394, 0.45679497718811035, 1.8271799087524414], [-2.0156938340676334e-09, 0.7771459221839905, -0.6293203234672546, -2.5172812938690186], [-0.5877851843833923, 0.5091307759284973, 0.6287243366241455, 2.514897346496582], [0.0, 0.0, 0.0, 1.0]]}, {"file_path": "train_078", "transform_matrix": [[0.80901700258255, 0.4872959554195404, 0.3286854326725006, 1.3147417306900024], [-2.4180673463547464e-08, 0.5591930150985718, -0.8290374875068665, -3.316149950027466], [-0.5877851843833923, 0.6707054376602173, 0.4523966908454895, 1.809586763381958], [0.0, 0.0, 0.0, 1.0]]}, {"file_path": "train_079", "transform_matrix": [[0.8090170621871948, 0.5621018409729004, 0.17185185849666595, 0.6874074339866638], [-1.0818033101267499e-11, 0.29237186908721924, -0.9563047885894775, -3.82521915435791], [-0.5877853035926819, 0.7736668586730957, 0.23653380572795868, 0.9461352229118347], [0.0, 0.0, 0.0, 1.0]]}, {"file_path": "train_080", "transform_matrix": [[0.5877852439880371, -0.7967262864112854, 0.14048433303833008, 0.5619372725486755], [1.3385272890076294e-09, 0.17364820837974548, 0.9848078489303589, 3.9392309188842773], [-0.80901700258255, -0.5788555145263672, 0.10206784307956696, 0.40827131271362305], [0.0, 0.0, 0.0, 1.0]]}, {"file_path": "train_081", "transform_matrix": [[0.5877851843833923, -0.7208393812179565, 0.3672860562801361, 1.4691442251205444], [-4.98246666147395e-10, 0.4539904296398163, 0.8910065293312073, 3.564026117324829], [-0.8090169429779053, -0.5237204432487488, 0.26684892177581787, 1.0673956871032715], [0.0, 0.0, 0.0, 1.0]]}, {"file_path": "train_082", "transform_matrix": [[0.5877851843833923, -0.5819581151008606, 0.56199049949646, 2.24796199798584], [5.736041419623916e-09, 0.6946583986282349, 0.7193397879600525, 2.87735915184021], [-0.80901700258255, -0.42281728982925415, 0.4083099663257599, 1.6332398653030396], [0.0, 0.0, 0.0, 1.0]]}, {"file_path": "train_083", "transform_matrix": [[0.5877851843833923, -0.3922191262245178, 0.7075822949409485, 2.830329418182373], [1.3194643599945266e-08, 0.874619722366333, 0.4848094582557678, 1.93923819065094], [-0.80901700258255, -0.28496384620666504, 0.5140885710716248, 2.056354522705078], [0.0, 0.0, 0.0, 1.0]]}, {"file_path": "train_084", "transform_matrix": [[0.5877852439880371, -0.16820405423641205, 0.7913380265235901, 3.1653525829315186], [8.734604151072745e-09, 0.9781476259231567, 0.2079116255044937, 0.8316466212272644], [-0.8090170621871948, -0.12220738083124161, 0.5749406814575195, 2.2997629642486572], [0.0, 0.0, 0.0, 1.0]]}, {"file_path": "train_085", "transform_matrix": [[0.5877851843833923, 0.07051049917936325, 0.8059385418891907, 3.2237541675567627], [2.925084174876247e-09, 0.9961947798728943, -0.0871557667851448, -0.3486230671405792], [-0.80901700258255, 0.05122886970639229, 0.5855485796928406, 2.3421943187713623], [0.0, 0.0, 0.0, 1.0]]}, {"file_path": "train_086", "transform_matrix": [[0.5877851843833923, 0.30306312441825867, 0.7501075863838196, 3.0004303455352783], [-8.08055844458977e-09, 0.9271838665008545, -0.37460657954216003, -1.4984263181686401], [-0.80901700258255, 0.2201882153749466, 0.5449849963188171, 2.1799399852752686], [0.0, 0.0, 0.0, 1.0]]}, {"file_path": "train_087", "transform_matrix": [[0.5877851843833923, 0.5091307759284973, 0.6287243366241455, 2.514897346496582], [2.0156938340676334e-09, 0.7771459221839905, -0.6293203234672546, -2.5172812938690186], [-0.8090169429779053, 0.36990517377853394, 0.45679497718811035, 1.8271799087524414], [0.0, 0.0, 0.0, 1.0]]}, {"file_path": "train_088", "transform_matrix": [[0.5877851843833923, 0.6707054376602173, 0.4523966908454895, 1.809586763381958], [2.4180673463547464e-08, 0.5591930150985718, -0.8290374875068665, -3.316149950027466], [-0.80901700258255, 0.4872959554195404, 0.3286854326725006, 1.3147417306900024], [0.0, 0.0, 0.0, 1.0]]}, {"file_path": "train_089", "transform_matrix": [[0.5877853035926819, 0.7736668586730957, 0.23653380572795868, 0.9461352229118347], [1.0818019223479691e-11, 0.29237186908721924, -0.9563047885894775, -3.82521915435791], [-0.8090170621871948, 0.5621018409729004, 0.17185185849666595, 0.6874074339866638], [0.0, 0.0, 0.0, 1.0]]}, {"file_path": "train_090", "transform_matrix": [[0.30901703238487244, -0.9366078972816467, 0.1651492416858673, 0.6605969071388245], [-3.2523228554737216e-09, 0.1736481934785843, 0.9848078489303589, 3.9392309188842773], [-0.9510564804077148, -0.30432239174842834, 0.05366025120019913, 0.21464097499847412], [0.0, 0.0, 0.0, 1.0]]}, {"file_path": "train_091", "transform_matrix": [[0.3090170621871948, -0.8473975658416748, 0.43177059292793274, 1.727082371711731], [2.7800712842918074e-09, 0.45399048924446106, 0.8910065293312073, 3.564026117324829], [-0.9510565400123596, -0.27533620595932007, 0.14029079675674438, 0.5611631870269775], [0.0, 0.0, 0.0, 1.0]]}, {"file_path": "train_092", "transform_matrix": [[0.30901703238487244, -0.6841327548027039, 0.6606593728065491, 2.6426374912261963], [1.2806554927635716e-08, 0.6946583390235901, 0.7193397879600525, 2.87735915184021], [-0.9510564804077148, -0.22228825092315674, 0.21466127038002014, 0.8586450815200806], [0.0, 0.0, 0.0, 1.0]]}, {"file_path": "train_093", "transform_matrix": [[0.3090170621871948, -0.46108129620552063, 0.8318127989768982, 3.3272511959075928], [-1.1136090272145793e-08, 0.8746197819709778, 0.4848095178604126, 1.9392380714416504], [-0.9510565400123596, -0.1498144268989563, 0.2702724039554596, 1.0810896158218384], [0.0, 0.0, 0.0, 1.0]]}, {"file_path": "train_094", "transform_matrix": [[0.30901703238487244, -0.1977357268333435, 0.9302736520767212, 3.7210946083068848], [-4.946203446820618e-10, 0.9781476259231567, 0.2079116553068161, 0.8316466212272644], [-0.9510564804077148, -0.06424824148416519, 0.3022642731666565, 1.209057092666626], [0.0, 0.0, 0.0, 1.0]]}, {"file_path": "train_095", "transform_matrix": [[0.30901703238487244, 0.08289005607366562, 0.9474374651908875, 3.78974986076355], [-2.5014035287540537e-10, 0.9961947202682495, -0.0871557667851448, -0.3486230671405792], [-0.9510564804077148, 0.026932615786790848, 0.30784112215042114, 1.2313644886016846], [0.0, 0.0, 0.0, 1.0]]}, {"file_path": "train_096", "transform_matrix": [[0.30901700258255005, 0.35627204179763794, 0.8818042278289795, 3.527216911315918], [-5.587419860120235e-09, 0.9271838068962097, -0.3746066093444824, -1.4984264373779297], [-0.9510564804077148, 0.11575981229543686, 0.28651559352874756, 1.1460623741149902], [0.0, 0.0, 0.0, 1.0]]}, {"file_path": "train_097", "transform_matrix": [[0.30901703238487244, 0.5985192060470581, 0.7391097545623779, 2.9564390182495117], [2.7485744791277966e-09, 0.7771459817886353, -0.6293203830718994, -2.5172812938690186], [-0.9510563611984253, 0.19447071850299835, 0.24015139043331146, 0.9606054425239563], [0.0, 0.0, 0.0, 1.0]]}, {"file_path": "train_098", "transform_matrix": [[0.3090170621871948, 0.7884615063667297, 0.5318241119384766, 2.1272964477539062], [-7.252296541082615e-10, 0.5591930150985718, -0.8290374279022217, -3.3161497116088867], [-0.9510565400123596, 0.25618672370910645, 0.17280016839504242, 0.6912006735801697], [0.0, 0.0, 0.0, 1.0]]}, {"file_path": "train_099", "transform_matrix": [[0.30901703238487244, 0.9094998836517334, 0.2780621349811554, 1.1122485399246216], [-1.250978098887856e-09, 0.29237183928489685, -0.9563047289848328, -3.825218915939331], [-0.9510565400123596, 0.29551443457603455, 0.09034787863492966, 0.36139151453971863], [0.0, 0.0, 0.0, 1.0]]}, {"file_path": "train_100", "transform_matrix": [[-8.742277657347586e-08, -0.9848078489303589, 0.1736481934785843, 0.6945927143096924], [7.995302278415359e-16, 0.1736481934785843, 0.9848078489303589, 3.9392309188842773], [-1.0, 8.609463719722044e-08, -1.518080772200392e-08, -6.072322378258832e-08], [0.0, 0.0, 0.0, 1.0]]}, {"file_path": "train_101", "transform_matrix": [[-8.742277657347586e-08, -0.8910065293312073, 0.45399048924446106, 1.8159619569778442], [-3.744563253221811e-16, 0.45399048924446106, 0.8910065293312073, 3.564026117324829], [-1.0, 7.789426348381312e-08, -3.968910888829669e-08, -1.5875643555318675e-07], [0.0, 0.0, 0.0, 1.0]]}, {"file_path": "train_102", "transform_matrix": [[-8.74227694680485e-08, -0.7193397879600525, 0.6946583986282349, 2.7786335945129395], [-2.3049274213435625e-15, 0.6946583986282349, 0.7193397879600525, 2.87735915184021], [-1.0, 6.288668430443067e-08, -6.072896496789326e-08, -2.4291585987157305e-07], [0.0, 0.0, 0.0, 1.0]]}, {"file_path": "train_103", "transform_matrix": [[-8.74227694680485e-08, -0.484809547662735, 0.8746197819709778, 3.498479127883911], [-1.2232689946777811e-15, 0.8746197819709778, 0.484809547662735, 1.93923819065094], [-1.0, 4.238339457174334e-08, -7.646168853625568e-08, -3.058467541450227e-07], [0.0, 0.0, 0.0, 1.0]]}, {"file_path": "train_104", "transform_matrix": [[-8.742278367890322e-08, -0.2079116404056549, 0.9781476259231567, 3.912590503692627], [4.422920176942258e-16, 0.978147566318512, 0.2079116553068161, 0.8316466212272644], [-1.0, 1.8176216087795183e-08, -8.551239005782918e-08, -3.420495602313167e-07], [0.0, 0.0, 0.0, 1.0]]}, {"file_path": "train_105", "transform_matrix": [[-8.742278367890322e-08, 0.0871557667851448, 0.9961947202682495, 3.984778881072998], [4.069053369683257e-16, 0.9961947202682495, -0.0871557667851448, -0.3486230671405792], [-1.0, -7.61939933369149e-09, -8.709010757002034e-08, -3.4836043028008135e-07], [0.0, 0.0, 0.0, 1.0]]}, {"file_path": "train_106", "transform_matrix": [[-8.742278367890322e-08, 0.3746066391468048, 0.9271838665008545, 3.708735466003418], [2.891522089514399e-15, 0.9271838665008545, -0.3746066391468048, -1.4984265565872192], [-1.0, -3.27491527229995e-08, -8.105698867666433e-08, -3.2422795470665733e-07], [0.0, 0.0, 0.0, 1.0]]}, {"file_path": "train_107", "transform_matrix": [[-8.74227694680485e-08, 0.6293203830718994, 0.7771461009979248, 3.108583927154541], [1.1484688915342932e-15, 0.7771461009979248, -0.6293203830718994, -2.5172812938690186], [-1.0, -5.501693323139989e-08, -6.794026319312252e-08, -2.7176102435078064e-07], [0.0, 0.0, 0.0, 1.0]]}, {"file_path": "train_108", "transform_matrix": [[-8.742278367890322e-08, 0.8290374875068665, 0.5591930150985718, 2.236772060394287], [-2.1905752669292677e-17, 0.5591930150985718, -0.8290374875068665, -3.316149950027466], [-1.0, -7.247676592214702e-08, -4.888620708243252e-08, -1.9554482832973008e-07], [0.0, 0.0, 0.0, 1.0]]}, {"file_path": "train_109", "transform_matrix": [[-8.742277657347586e-08, 0.9563047289848328, 0.29237183928489685, 1.1694873571395874], [5.663336400725137e-17, 0.29237183928489685, -0.9563047289848328, -3.825218915939331], [-1.0, -8.360281356090127e-08, -2.5559957705922898e-08, -1.0223983082369159e-07], [0.0, 0.0, 0.0, 1.0]]}, {"file_path": "train_110", "transform_matrix": [[-0.30901697278022766, -0.936607837677002, 0.1651492416858673, 0.6605969071388245], [1.0032055186570688e-09, 0.1736481934785843, 0.9848077893257141, 3.9392306804656982], [-0.9510564804077148, 0.30432233214378357, -0.05366024002432823, -0.21464093029499054], [0.0, 0.0, 0.0, 1.0]]}, {"file_path": "train_111", "transform_matrix": [[-0.3090169429779053, -0.8473975658416748, 0.4317706823348999, 1.7270824909210205], [-3.5017475585874536e-09, 0.45399048924446106, 0.891006588935852, 3.56402587890625], [-0.9510564804077148, 0.2753361761569977, -0.1402907818555832, -0.5611631274223328], [0.0, 0.0, 0.0, 1.0]]}, {"file_path": "train_112", "transform_matrix": [[-0.3090169429779053, -0.6841326951980591, 0.6606594324111938, 2.6426377296447754], [-8.35239344354477e-09, 0.6946583986282349, 0.7193397879600525, 2.87735915184021], [-0.9510564804077148, 0.22228816151618958, -0.21466122567653656, -0.8586449027061462], [0.0, 0.0, 0.0, 1.0]]}, {"file_path": "train_113", "transform_matrix": [[-0.3090169429779053, -0.46108123660087585, 0.831812858581543, 3.327251434326172], [-2.0316022197874872e-09, 0.8746197819709778, 0.4848094880580902, 1.9392379522323608], [-0.9510564804077148, 0.14981435239315033, -0.2702723443508148, -1.0810893774032593], [0.0, 0.0, 0.0, 1.0]]}, {"file_path": "train_114", "transform_matrix": [[-0.3090169429779053, -0.1977357268333435, 0.930273711681366, 3.721094846725464], [6.388510609411924e-09, 0.9781476855278015, 0.2079116255044937, 0.8316465020179749], [-0.9510565400123596, 0.0642482191324234, -0.30226418375968933, -1.2090567350387573], [0.0, 0.0, 0.0, 1.0]]}, {"file_path": "train_115", "transform_matrix": [[-0.3090169131755829, 0.08289004862308502, 0.9474375247955322, 3.789750099182129], [4.2845929582036035e-10, 0.9961947202682495, -0.08715575933456421, -0.34862303733825684], [-0.9510564804077148, -0.026932604610919952, -0.30784106254577637, -1.2313642501831055], [0.0, 0.0, 0.0, 1.0]]}, {"file_path": "train_116", "transform_matrix": [[-0.3090169429779053, 0.35627198219299316, 0.8818042874336243, 3.527217149734497], [-4.477017423454299e-09, 0.9271838068962097, -0.37460657954216003, -1.4984263181686401], [-0.9510564208030701, -0.11575978249311447, -0.28651556372642517, -1.1460622549057007], [0.0, 0.0, 0.0, 1.0]]}, {"file_path": "train_117", "transform_matrix": [[-0.30901697278022766, 0.5985191464424133, 0.7391098141670227, 2.956439256668091], [2.958546962972264e-09, 0.7771459221839905, -0.6293203234672546, -2.5172810554504395], [-0.9510564804077148, -0.19447067379951477, -0.24015134572982788, -0.960605263710022], [0.0, 0.0, 0.0, 1.0]]}, {"file_path": "train_118", "transform_matrix": [[-0.30901697278022766, 0.7884615659713745, 0.5318242311477661, 2.1272966861724854], [2.727349457387618e-09, 0.5591931343078613, -0.829037606716156, -3.316149950027466], [-0.9510564804077148, -0.25618666410446167, -0.17280015349388123, -0.6912005543708801], [0.0, 0.0, 0.0, 1.0]]}, {"file_path": "train_119", "transform_matrix": [[-0.3090170621871948, 0.909500002861023, 0.2780621647834778, 1.1122485399246216], [-5.978018524643858e-09, 0.29237186908721924, -0.9563047885894775, -3.825218677520752], [-0.9510565996170044, -0.29551446437835693, -0.09034787118434906, -0.36139145493507385], [0.0, 0.0, 0.0, 1.0]]}, {"file_path": "train_120", "transform_matrix": [[-0.5877851247787476, -0.7967263460159302, 0.14048434793949127, 0.5619373321533203], [5.258985691369844e-09, 0.1736481785774231, 0.9848078489303589, 3.9392309188842773], [-0.8090170621871948, 0.5788553953170776, -0.10206782072782516, -0.40827125310897827], [0.0, 0.0, 0.0, 1.0]]}, {"file_path": "train_121", "transform_matrix": [[-0.5877851843833923, -0.7208395004272461, 0.3672860562801361, 1.4691442251205444], [9.710547921315538e-09, 0.45399051904678345, 0.8910065293312073, 3.564026117324829], [-0.8090171217918396, 0.5237204432487488, -0.2668488621711731, -1.0673954486846924], [0.0, 0.0, 0.0, 1.0]]}, {"file_path": "train_122", "transform_matrix": [[-0.5877851247787476, -0.5819581747055054, 0.56199049949646, 2.24796199798584], [-4.276252241197653e-09, 0.6946583986282349, 0.7193397879600525, 2.87735915184021], [-0.8090170621871948, 0.422817200422287, -0.40830984711647034, -1.6332393884658813], [0.0, 0.0, 0.0, 1.0]]}, {"file_path": "train_123", "transform_matrix": [[-0.5877851247787476, -0.3922191858291626, 0.7075823545455933, 2.830329418182373], [-1.090415846505266e-08, 0.8746198415756226, 0.4848095178604126, 1.9392380714416504], [-0.8090170621871948, 0.28496381640434265, -0.51408851146698, -2.05635404586792], [0.0, 0.0, 0.0, 1.0]]}, {"file_path": "train_124", "transform_matrix": [[-0.5877851247787476, -0.16820408403873444, 0.7913381457328796, 3.1653525829315186], [-3.146329641268153e-09, 0.9781476259231567, 0.2079116553068161, 0.8316466212272644], [-0.8090170621871948, 0.12220738083124161, -0.5749406218528748, -2.299762487411499], [0.0, 0.0, 0.0, 1.0]]}, {"file_path": "train_125", "transform_matrix": [[-0.5877851247787476, 0.07051049917936325, 0.8059385418891907, 3.2237541675567627]