{"camera_angle_x": 0.5870227852179017, "w": 1079.0, "h": 1439.0, "frames": [{"file_path": "rgb/16_03_31_459", "transform_matrix": [[1.0, 8.145461286126076e-18, 1.463098882407874e-17, 0.22841868011105965], [8.145461286126076e-18, 1.0, -3.45266865781039e-17, -2.5664299482808697], [1.463098882407874e-17, -3.45266865781039e-17, 1.0, 8.277617435334143], [0.0, 0.0, 0.0, 1.0]]}, {"file_path": "rgb/16_04_33_743", "transform_matrix": [[0.9966533028799923, 0.008412897350953682, -0.0813106205643821, 0.04335108693129051], [-0.008276075558326192, 0.9999637132584642, 0.0020195889920891106, -2.325105408846248], [0.08132466066179114, -0.0013398971999404867, 0.9966867633533306, 6.126652654414369], [0.0, 0.0, 0.0, 1.0]]}, {"file_path": "rgb/16_16_44_617", "transform_matrix": [[-0.04171714236442417, 0.6956152384384873, -0.7172022867260762, -2.453600183380623], [-0.08431735201639962, 0.7128154238240856, 0.696264860313539, 1.4217753592731124], [0.9955652988035938, 0.08951877797789502, 0.028915812412162848, 0.03512408355402983], [0.0, 0.0, 0.0, 1.0]]}, {"file_path": "rgb/16_11_08_054", "transform_matrix": [[0.9008911273336302, 0.29430700621287337, -0.31902752668940143, -0.7553148116612874], [-0.04297525397287068, 0.7918798052927903, 0.6091629515289156, 1.159812674378713], [0.4319123802781165, -0.5350792091489525, 0.7260454088409508, 1.9606721728059626], [0.0, 0.0, 0.0, 1.0]]}, {"file_path": "rgb/16_18_26_968", "transform_matrix": [[-0.42915052182889796, 0.1346008376393113, -0.8931474929264371, -3.737545577242862], [-0.06633733495927151, 0.9814665312132567, 0.17978544462419363, -1.285111480633302], [0.9007936431860997, 0.13640404178400783, -0.41226781317549, -2.389832599738178], [0.0, 0.0, 0.0, 1.0]]}, {"file_path": "rgb/16_09_19_472", "transform_matrix": [[0.9643066788571112, 0.17809704017041936, -0.1959440567970973, 0.24616190356231113], [-0.025243276992765084, 0.7984665191359164, 0.6015097628348519, 1.0835908396836658], [0.2635818773706467, -0.5750936115985895, 0.7744623501631671, 2.2491189639375704], [0.0, 0.0, 0.0, 1.0]]}, {"file_path": "rgb/16_16_32_269", "transform_matrix": [[-0.03608540475269563, 0.6012736167174367, -0.798227963305826, -2.820828023941431], [-0.08395381879622052, 0.7941006955698415, 0.6019600000041742, 0.9884765736584321], [0.9958160472061925, 0.08873625603453669, 0.021823771250808924, -0.0456688361800365], [0.0, 0.0, 0.0, 1.0]]}, {"file_path": "rgb/16_10_01_964", "transform_matrix": [[0.8884346571109706, 0.1994732725491102, -0.41339360612213216, -0.8597909705392216], [-0.04502128506992887, 0.9341608727190087, 0.3540007736877311, -0.05725643383185744], [0.4567898246839179, -0.29589504460096727, 0.8389214377078625, 2.5749385986662343], [0.0, 0.0, 0.0, 1.0]]}, {"file_path": "rgb/16_20_15_862", "transform_matrix": [[-0.4018957112390486, 0.43102368908306904, -0.8078975286116924, -3.0272399456508605], [-0.06863103162667282, 0.8656266372342368, 0.4959640172516609, 0.48838405252212147], [0.9131098612902596, 0.25477265229959195, -0.3183100326014141, -2.039087229547283], [0.0, 0.0, 0.0, 1.0]]}, {"file_path": "rgb/16_28_38_084", "transform_matrix": [[-0.9949070518850871, 0.008313506289199801, 0.10045319169893831, 0.626035914042754], [0.06066285448786768, 0.8452853390668151, 0.530860352300003, 0.5018256212727412], [-0.08049829932804796, 0.5342504854203493, -0.8414846657149568, -2.9042823312087713], [0.0, 0.0, 0.0, 1.0]]}, {"file_path": "rgb/16_20_41_014", "transform_matrix": [[-0.411212459288189, 0.6432929859299381, -0.6458161097243579, -2.376353505953381], [-0.06791053055383105, 0.6849002122729102, 0.7254652707527908, 1.5395617446395486], [0.9090063108505116, 0.3421780727660193, -0.23795313267968568, -1.583955154487753], [0.0, 0.0, 0.0, 1.0]]}, {"file_path": "rgb/16_21_22_938", "transform_matrix": [[-0.6073835368957429, 0.38272450273635955, -0.6961373385426355, -2.8313202378046176], [-0.0499660351212022, 0.8561561104751585, 0.5142957416023537, 0.5004649991548032], [0.7928358180873794, 0.34715798925165825, -0.5008919005698347, -2.212893829704517], [0.0, 0.0, 0.0, 1.0]]}, {"file_path": "rgb/16_39_05_470", "transform_matrix": [[0.4167117754845818, -0.5205921677299986, 0.7452080857523407, 3.519911267596462], [0.11981650555575427, 0.8440786087361899, 0.5226617522551139, 0.671259888165972], [-0.9011078188368442, -0.1285110780133729, 0.4141130300521169, 1.1120535565047054], [0.0, 0.0, 0.0, 1.0]]}, {"file_path": "rgb/16_19_04_789", "transform_matrix": [[-0.4437314424520604, 0.5507962930794563, -0.7069129016430123, -2.264039999641288], [-0.06329107913555738, 0.767593689678643, 0.6378041759563696, 1.0445757774985787], [0.8939220582809609, 0.3277550473989022, -0.30574496336533996, -1.3187404905238702], [0.0, 0.0, 0.0, 1.0]]}, {"file_path": "rgb/16_10_17_640", "transform_matrix": [[0.9071752025202033, 0.04715809604144479, -0.41810198027535567, -1.7647703021731933], [-0.04457829115183946, 0.9988787041067887, 0.015940841882542404, -1.9760968850830432], [0.4183849039944079, 0.004177135344737447, 0.9082602180266961, 3.2567047488639806], [0.0, 0.0, 0.0, 1.0]]}, {"file_path": "rgb/16_12_45_573", "transform_matrix": [[0.6256345176812327, 0.2581899498597465, -0.7361517507125774, -2.5783162088683422], [-0.07421371614602308, 0.9590620395595459, 0.27329897294296934, -0.5201027288811542], [0.7765782475846004, -0.11635271405216978, 0.6191835521968629, 1.5452256329520244], [0.0, 0.0, 0.0, 1.0]]}, {"file_path": "rgb/16_12_32_859", "transform_matrix": [[0.6244567773901434, 0.09125910492117684, -0.7757096808345907, -3.4614797299536733], [-0.07776366858923232, 0.9954803352777769, 0.05451342882986765, -1.795768387405367], [0.7771785798766336, 0.026280750450294182, 0.6287310849136603, 2.028809291186218], [0.0, 0.0, 0.0, 1.0]]}, {"file_path": "rgb/16_44_05_154", "transform_matrix": [[0.9726726888425689, -0.13693730782022742, 0.18749937095018673, 1.081581560035133], [0.02925103755518005, 0.8733971246436004, 0.48612944723215096, 0.5760940461095398], [-0.23033066921648299, -0.46736028542361135, 0.8535350879882135, 2.555617871967376], [0.0, 0.0, 0.0, 1.0]]}, {"file_path": "rgb/16_29_03_500", "transform_matrix": [[-0.9941235872926795, -0.03286662710531647, 0.10314105880324113, 0.5287051702476031], [0.05663048298419374, 0.6541164789079634, 0.7542709197748677, 1.547682836096316], [-0.09225660727183994, 0.7556794405326691, -0.6484113675522055, -2.0776124221021695], [0.0, 0.0, 0.0, 1.0]]}, {"file_path": "rgb/16_17_02_709", "transform_matrix": [[-0.24200972456486886, 0.13719839237424442, -0.9605248015256861, -4.236548089222274], [-0.07755191420887973, 0.9840499155405306, 0.16009829582857354, -1.3738824298267973], [0.9671695786254727, 0.11323588148019911, -0.22750965106304258, -1.4152404926713988], [0.0, 0.0, 0.0, 1.0]]}, {"file_path": "rgb/16_18_39_662", "transform_matrix": [[-0.4315711236284354, 0.3299126673342209, -0.8395856103950975, -2.685476364584428], [-0.06621729479979367, 0.916626108271048, 0.3942230935717366, -0.1627657058200147], [0.8996452829418305, 0.22573039132622905, -0.37374343514263964, -1.7362454535392668], [0.0, 0.0, 0.0, 1.0]]}, {"file_path": "rgb/16_14_47_235", "transform_matrix": [[0.2193027618980919, 0.12567378852478858, -0.9675290163616257, -4.300631480147992], [-0.09170096490070222, 0.9899345100905402, 0.10779888110774956, -1.571524445220829], [0.9713378565978722, 0.0650827520133348, 0.22861977983153983, 0.37871699034580064], [0.0, 0.0, 0.0, 1.0]]}, {"file_path": "rgb/16_34_45_797", "transform_matrix": [[-0.36364091215225997, -0.26900864874281527, 0.8918518004190138, 3.5001931618959596], [0.13887616355296334, 0.9310413534929499, 0.3374543069555147, -0.25637668514205014], [-0.9211290345037889, 0.2465691484910079, -0.3012058379356821, -2.1498850150601663], [0.0, 0.0, 0.0, 1.0]]}, {"file_path": "rgb/16_24_27_897", "transform_matrix": [[-0.8445364318444935, 0.39648469309808365, -0.3599418056106983, -1.1226193284849393], [-0.012874537301538239, 0.6569348110265487, 0.7538374495544673, 1.633606421855628], [0.5353433118818638, 0.6412772740402011, -0.5497008242880177, -2.624905501699737], [0.0, 0.0, 0.0, 1.0]]}, {"file_path": "rgb/16_21_10_581", "transform_matrix": [[-0.6000927278671182, 0.300339982728314, -0.741407184167888, -2.9021328413337955], [-0.05123156796758427, 0.910506823620495, 0.4103079947845274, -0.0795501840239879], [0.7982881963329931, 0.2842062964032869, -0.5310016352895193, -2.383499192479451], [0.0, 0.0, 0.0, 1.0]]}, {"file_path": "rgb/16_25_23_259", "transform_matrix": [[-0.9485809431399393, 0.2227525610647686, -0.22488995275651769, -1.0256590720137113], [0.014719360605200954, 0.740747933667392, 0.6716217977335628, 1.201168492854856], [0.316192243319023, 0.6337774020163351, -0.7059381488192202, -2.849728073464988], [0.0, 0.0, 0.0, 1.0]]}, {"file_path": "rgb/16_42_11_896", "transform_matrix": [[0.8448235085906382, -0.31184467922197945, 0.4347713598818859, 1.7832926548913441], [0.06702400200113026, 0.8678688320685197, 0.49225143319220116, 0.5847528707130027], [-0.530830502597916, -0.38672546640344785, 0.7540970701088023, 2.2449188948602883], [0.0, 0.0, 0.0, 1.0]]}, {"file_path": "rgb/16_20_28_564", "transform_matrix": [[-0.40655509812151114, 0.5594971095531039, -0.7222713732338629, -2.6936572350694385], [-0.06791168109818015, 0.7698609769672449, 0.6345881181628431, 1.126797130665906], [0.9110987629021495, 0.30704569781184254, -0.2749945157515168, -1.7903232092994799], [0.0, 0.0, 0.0, 1.0]]}, {"file_path": "rgb/16_41_03_892", "transform_matrix": [[0.6913644243206553, -0.41868193612727045, 0.588829915293448, 3.013861080730558], [0.09220355947467646, 0.8594465214771878, 0.5028421027926776, 0.632027542203151], [-0.7165987276042072, -0.2933549268062193, 0.6327947143541491, 1.4806625568331901], [0.0, 0.0, 0.0, 1.0]]}, {"file_path": "rgb/16_29_33_561", "transform_matrix": [[-0.9471594251973063, -0.0580084001476564, 0.31547432347533044, 1.5542705787477196], [0.08355513714565052, 0.9049389664812468, 0.4172577213191197, -0.16533945795873162], [-0.30968946110011486, 0.42156908384766795, -0.8522745715010852, -2.621890365084684], [0.0, 0.0, 0.0, 1.0]]}, {"file_path": "rgb/16_32_51_635", "transform_matrix": [[-0.674296843229625, -0.19824621113185864, 0.7113523789110602, 3.8286251144765022], [0.12181396351917971, 0.9202342479873741, 0.3719277982658197, -0.17918395974007362], [-0.7283440982820621, 0.33744239301394063, -0.5963618917190423, -2.8030471930768774], [0.0, 0.0, 0.0, 1.0]]}, {"file_path": "rgb/16_17_15_797", "transform_matrix": [[-0.24121246280542197, 0.34854631205791, -0.9057218205046031, -3.200889678369463], [-0.07766598542540532, 0.9233528623515593, 0.3760152740183344, -0.2104791964879663], [0.9673595724937254, 0.16104334800920014, -0.19565402517388697, -0.9835419278425721], [0.0, 0.0, 0.0, 1.0]]}, {"file_path": "rgb/16_24_02_576", "transform_matrix": [[-0.8391039985280233, 0.2795163018733831, -0.46666381544031244, -1.489306267310446], [-0.01340839886339566, 0.8469950078898806, 0.5314317185203958, 0.6054608580369338], [0.5438057506998268, 0.45218369452762097, -0.7069690317893338, -3.367818766409597], [0.0, 0.0, 0.0, 1.0]]}, {"file_path": "rgb/16_10_43_144", "transform_matrix": [[0.904833282845498, 0.18403235557017492, -0.3839385658648159, -1.145496126521877], [-0.04116170048932279, 0.9353461041013785, 0.35133086963032517, -0.03482796239063697], [0.4237716893185129, -0.30209229987814307, 0.8539073706711215, 2.470205449819475], [0.0, 0.0, 0.0, 1.0]]}, {"file_path": "rgb/16_15_37_597", "transform_matrix": [[0.19837084721708195, 0.6776011817603321, -0.7081706330054772, -2.3632751378897634], [-0.08808597660790753, 0.7319307936494067, 0.6756612864688791, 1.3807212013229406], [0.9761607796359204, -0.07165160001528748, 0.20488089348653513, 0.444681255457029], [0.0, 0.0, 0.0, 1.0]]}, {"file_path": "rgb/16_09_37_194", "transform_matrix": [[0.8911657055915432, 0.051205785506722716, -0.45077893995634544, -1.5128355802857605], [-0.04796524410185186, 0.9986754598815265, 0.018618839616678862, -1.9883760283449465], [0.45113525747360594, 0.005029250546686638, 0.8924414188635363, 3.3408346244486293], [0.0, 0.0, 0.0, 1.0]]}, {"file_path": "rgb/16_14_29_530", "transform_matrix": [[0.4226789060797575, 0.6227505003815448, -0.658425665227105, -2.215694006328262], [-0.08393414314856988, 0.7502916929229181, 0.6557571464687036, 1.3359821560230871], [0.9023843981193022, -0.22191031928551097, 0.3694025016502564, 0.8611614593713743], [0.0, 0.0, 0.0, 1.0]]}, {"file_path": "rgb/16_29_46_132", "transform_matrix": [[-0.9444223701405288, -0.09880871935469755, 0.31353344918466164, 1.4803128069868883], [0.08341386335671869, 0.8505147612405174, 0.5192944909315834, 0.43384694968447474], [-0.3179756502911077, 0.5165863702145754, -0.7950031496355704, -2.455258754873342], [0.0, 0.0, 0.0, 1.0]]}, {"file_path": "rgb/16_14_59_694", "transform_matrix": [[0.21770427239937215, 0.3358115700823053, -0.9164253593053371, -3.2507622716076248], [-0.08862306418388258, 0.9418688349398259, 0.3240818573505072, -0.350974319614712], [0.9719829228302929, 0.010662418485125258, 0.23480951973531364, 0.32700701731863385], [0.0, 0.0, 0.0, 1.0]]}, {"file_path": "rgb/16_24_15_400", "transform_matrix": [[-0.8416689802455003, 0.3520888260337183, -0.40942250338091846, -1.3021484912400831], [-0.012415961461923702, 0.7453798824396639, 0.6665243242037077, 1.232338321424897], [0.5398510642700226, 0.5660762222849773, -0.6229916042532941, -2.9741978902262223], [0.0, 0.0, 0.0, 1.0]]}, {"file_path": "rgb/16_43_26_704", "transform_matrix": [[0.9699483687278557, -0.02622410057511221, 0.2418934859627228, 1.2588830199972227], [0.028726945439163935, 0.9995639941308542, -0.006825265043132253, -2.1233761740089996], [-0.24160903254619207, 0.01356901566806164, 0.9702788038527342, 3.770630310648523], [0.0, 0.0, 0.0, 1.0]]}, {"file_path": "rgb/16_15_25_294", "transform_matrix": [[0.2031270594913855, 0.5834831702722983, -0.7863121439424492, -2.727718005554552], [-0.08821064996714464, 0.8106932444144892, 0.5787878235528828, 0.9345931775681127], [0.9751708972968569, -0.048206363373493474, 0.21614316458205585, 0.4484332820623517], [0.0, 0.0, 0.0, 1.0]]}, {"file_path": "rgb/16_31_55_885", "transform_matrix": [[-0.8220939275406646, -0.20177469428095884, 0.5323988608633474, 2.9263326771086757], [0.1112484903354709, 0.8601446847439053, 0.49776992145456816, 0.5623364282342302], [-0.5583774240590705, 0.46844219926756603, -0.6846725920076857, -3.6840800432387812], [0.0, 0.0, 0.0, 1.0]]}, {"file_path": "rgb/16_13_39_736", "transform_matrix": [[0.4367275182009129, 0.10863711928256768, -0.8930101069753111, -4.048205846095481], [-0.08759442082744394, 0.9930997395816543, 0.07797515426567089, -1.6820534223257912], [0.895319100816003, 0.044168807509776364, 0.4432299901373871, 1.2022596506864465], [0.0, 0.0, 0.0, 1.0]]}, {"file_path": "rgb/16_15_54_830", "transform_matrix": [[-0.020594623455554056, 0.13424819634824744, -0.9907337095617396, -4.398467610952954], [-0.08714024393853047, 0.9869317541948289, 0.13554442241660536, -1.4771698010064418], [0.995983152152212, 0.08912426347050575, -0.008627067275877951, -0.48152487471421684], [0.0, 0.0, 0.0, 1.0]]}, {"file_path": "rgb/16_32_08_292", "transform_matrix": [[-0.8203039011120087, -0.29146924334108426, 0.49208453542719227, 2.701378306013419], [0.11140581844121755, 0.7624836346816116, 0.6373440597198354, 1.2223998743125162], [-0.5609725959776131, 0.5776368989502787, -0.5929969304585339, -3.3150931749031285], [0.0, 0.0, 0.0, 1.0]]}, {"file_path": "rgb/16_19_17_125", "transform_matrix": [[-0.44849865636554603, 0.6322811563882713, -0.6317194745412005, -1.9548268191523694], [-0.06346476571810719, 0.6824795595743878, 0.7281441301524689, 1.4551040636444572], [0.8915274413895772, 0.3666635924651645, -0.26596359000790715, -1.0995124228174287], [0.0, 0.0, 0.0, 1.0]]}, {"file_path": "rgb/16_13_22_709", "transform_matrix": [[0.6121561418765047, 0.5408531579370006, -0.5768385558476884, -1.8003957670549817], [-0.07496371631290356, 0.7659037041164997, 0.6385702445754767, 1.2653644256393937], [0.7871755199442061, -0.3476627353775487, 0.509397019259408, 1.2973023557425154], [0.0, 0.0, 0.0, 1.0]]}, {"file_path": "rgb/16_35_11_004", "transform_matrix": [[-0.35248096803179324, -0.5153246344453247, 0.7811515143102278, 3.0382113138051126], [0.14205452588707598, 0.7955882171577991, 0.5889481304789691, 1.0260844472395683], [-0.9249744206465212, 0.3185591151630528, -0.20722550831440825, -1.8970828481085003], [0.0, 0.0, 0.0, 1.0]]}, {"file_path": "rgb/16_28_50_518", "transform_matrix": [[-0.9945784471448615, -0.014641852126346182, 0.10295304095180942, 0.5743890146445605], [0.05806248950926542, 0.7431484678173776, 0.666602656829892, 1.1331208852277934], [-0.08626969216880966, 0.6689663451527247, -0.7382693067344083, -2.4670370708247513], [0.0, 0.0, 0.0, 1.0]]}, {"file_path": "rgb/16_08_29_205", "transform_matrix": [[0.9685616522251934, 0.026918959621745824, -0.24731295043261756, -0.43778717429172387], [-0.026324572404482376, 0.9996371390938386, 0.005710256737413054, -2.061176931237071], [0.24737692440186232, 0.000979671970010648, 0.9689188291680094, 3.6859402608767655], [0.0, 0.0, 0.0, 1.0]]}, {"file_path": "rgb/16_04_46_096", "transform_matrix": [[0.9965726025470193, 0.02485971266403934, -0.07889893876930462, 0.19237584195646357], [-0.006498822907160407, 0.9743563760078666, 0.2249164685691958, -0.9950632211795059], [0.08246704283216688, -0.22363284020706367, 0.9711784283165681, 5.256081936692096], [0.0, 0.0, 0.0, 1.0]]}, {"file_path": "rgb/16_30_35_085", "transform_matrix": [[-0.938730861964062, -0.0626174169549598, 0.3389150747460165, 1.9328763139726335], [0.0883508790394205, 0.9067767733378961, 0.4122499308767382, 0.05180469490019921], [-0.3331343437251268, 0.41693517773006683, -0.8456870382133255, -4.511030859633301], [0.0, 0.0, 0.0, 1.0]]}, {"file_path": "rgb/16_09_49_562", "transform_matrix": [[0.8923513038561601, 0.1475131114126417, -0.426554841102024, -0.9696146080209228], [-0.04562445424103391, 0.9697229904849862, 0.23990775498108366, -0.6759679177088634], [0.4490295755085841, -0.19462066613342344, 0.8720637801401703, 2.5829505896674405], [0.0, 0.0, 0.0, 1.0]]}, {"file_path": "rgb/16_12_02_627", "transform_matrix": [[0.7747648646530337, 0.3686694751884256, -0.5136362745790615, -1.5556297195798447], [-0.0614708688834368, 0.8524698604816122, 0.5191497560908371, 0.7359905780413258], [0.6292541114509159, -0.3706453224239465, 0.6831261290474598, 1.971733267295117], [0.0, 0.0, 0.0, 1.0]]}, {"file_path": "rgb/16_35_40_983", "transform_matrix": [[-0.11807011943228438, -0.0720788014807811, 0.9903858305096755, 4.517356528582998], [0.1409073604807953, 0.9860536971709251, 0.0885619673329645, -1.650763005584196], [-0.9829570502619029, 0.15000917529485985, -0.10626704412834058, -1.1553534020092158], [0.0, 0.0, 0.0, 1.0]]}, {"file_path": "rgb/16_33_04_107", "transform_matrix": [[-0.6680233902247188, -0.2842003760995974, 0.6877317037461054, 3.710791202466843], [0.12262932195533555, 0.8695171144905037, 0.4784370773726499, 0.42927008397448085], [-0.7339664839142506, 0.40394323095325635, -0.5460064712598163, -2.6854814204199564], [0.0, 0.0, 0.0, 1.0]]}, {"file_path": "rgb/16_13_10_369", "transform_matrix": [[0.6157023471525064, 0.46219444941331417, -0.6381903404490057, -2.1109201006920206], [-0.07434447040025781, 0.840368562844389, 0.5368925202531332, 0.7994429423901122], [0.784463842016826, -0.28312006201323714, 0.5517784981800407, 1.4548861335842787], [0.0, 0.0, 0.0, 1.0]]}, {"file_path": "rgb/16_27_41_671", "transform_matrix": [[-0.988404496010731, 0.12383911624928047, -0.08786595217926793, -0.10688252348435053], [0.03326538185007984, 0.7412030073850354, 0.6704562000710768, 1.1743843906654434], [0.1481552113026761, 0.6597590280776586, -0.7367279404460527, -2.6884769372462416], [0.0, 0.0, 0.0, 1.0]]}, {"file_path": "rgb/16_34_58_265", "transform_matrix": [[-0.35591754757965804, -0.3745545783095861, 0.8561726269813872, 3.3852462774693355], [0.14049582490807852, 0.8843063391726678, 0.44526758436072283, 0.35338805872177903], [-0.9238958937609151, 0.27876722613385363, -0.26211678909477837, -2.0828688302473917], [0.0, 0.0, 0.0, 1.0]]}, {"file_path": "rgb/16_15_12_379", "transform_matrix": [[0.20889334795075692, 0.44245571604330985, -0.8721218427046339, -3.116298599293668], [-0.08776952105887884, 0.8966796371273201, 0.4338918523483846, 0.25439515514539973], [0.9739918276633632, -0.014091405246436955, 0.22614453772568044, 0.41895589606035594], [0.0, 0.0, 0.0, 1.0]]}, {"file_path": "rgb/16_06_50_152", "transform_matrix": [[0.995370998152048, 0.0641242040013468, -0.07158674806826568, -0.2758079635094697], [-0.008961025225773305, 0.803542607188048, 0.5951797866698241, 1.072268907494114], [0.09568843224078205, -0.5917832076821951, 0.8003976255841052, 2.7535349438387335], [0.0, 0.0, 0.0, 1.0]]}, {"file_path": "rgb/16_41_59_471", "transform_matrix": [[0.8429883435482881, -0.2351045047333917, 0.48383522452977745, 1.9401868901508483], [0.06754356627837066, 0.9385783389924582, 0.3383911467939993, -0.1358988501648307], [-0.5336745443583693, -0.25257983575144166, 0.807090395975359, 2.5022888087162154], [0.0, 0.0, 0.0, 1.0]]}, {"file_path": "rgb/16_32_20_952", "transform_matrix": [[-0.8179922089718374, -0.3538728659665854, 0.4535005411176137, 2.487404648601152], [0.11117399069537373, 0.676261617047462, 0.7282242574243301, 1.6450072213974376], [-0.5643838143092326, 0.6460992338959602, -0.5138352752632057, -2.98326932945981], [0.0, 0.0, 0.0, 1.0]]}, {"file_path": "rgb/16_04_58_425", "transform_matrix": [[0.9957940636277681, 0.0368143074787599, -0.08389809061328893, 0.2658123894681964], [-0.006488184305421068, 0.9417568117974106, 0.3362320789240604, -0.3603803327704751], [0.09138974946959426, -0.3342735619190306, 0.9380347005808735, 5.2291327399862775], [0.0, 0.0, 0.0, 1.0]]}, {"file_path": "rgb/16_41_16_256", "transform_matrix": [[0.6948112311730393, -0.48611843592961446, 0.5300247345975004, 2.7811808395815385], [0.09101161828499375, 0.7904789359637431, 0.6056896376319932, 1.1093714558323629], [-0.7134102875435369, -0.37260155400504436, 0.5934760682454467, 1.273984566526919], [0.0, 0.0, 0.0, 1.0]]}, {"file_path": "rgb/16_08_54_518", "transform_matrix": [[0.9667316925591174, 0.10888968890638268, -0.2314581393074249, -0.019116691474331343], [-0.023840468652132293, 0.939283716672323, 0.34231233055306975, -0.11406794040771959], [0.25467914452548096, -0.32540610818498567, 0.9106313184267663, 2.8131139668438463], [0.0, 0.0, 0.0, 1.0]]}, {"file_path": "rgb/16_14_17_065", "transform_matrix": [[0.4267001284455285, 0.5338672642728344, -0.7300087290727479, -2.559636107547294], [-0.08355406805651477, 0.8269992423148448, 0.5559595047500133, 0.8779265299250018], [0.9005252456737549, -0.1762327930565489, 0.39748746465229673, 0.9463731901908616], [0.0, 0.0, 0.0, 1.0]]}, {"file_path": "rgb/16_36_18_434", "transform_matrix": [[-0.11536913049323184, -0.5554364570773008, 0.8235170343585195, 3.0124620149317476], [0.13932946943056554, 0.8118080330879, 0.5670582124986397, 0.8974309281985624], [-0.9835025483838019, 0.1801612043792196, -0.016268920037798392, -0.8358758257792972], [0.0, 0.0, 0.0, 1.0]]}, {"file_path": "rgb/16_36_30_850", "transform_matrix": [[-0.11019522075821153, -0.6539929025010918, 0.7484318918914711, 2.6661557216719105], [0.13878503136731307, 0.7355157209520669, 0.6631405124864075, 1.3462277573402077], [-0.9841726110751217, 0.17694605875960853, 0.009714108246165958, -0.7648119721891481], [0.0, 0.0, 0.0, 1.0]]}, {"file_path": "rgb/16_11_25_429", "transform_matrix": [[0.7816240238744755, 0.0722737509896067, -0.6195485374207301, -2.674809973973821], [-0.06497143244244401, 0.9972949865825173, 0.03437183009026308, -1.886496947891117], [0.620356831403226, 0.013387107800764733, 0.7842054495322512, 2.790512285328124], [0.0, 0.0, 0.0, 1.0]]}, {"file_path": "rgb/16_11_50_258", "transform_matrix": [[0.7778579672988728, 0.2751796960468208, -0.5649894844979375, -1.833211192292213], [-0.06148188032271978, 0.9280443328565938, 0.36736044240601495, 0.026055708635994237], [0.6254254240927919, -0.2510176311264601, 0.7388052434586614, 2.167389735289275], [0.0, 0.0, 0.0, 1.0]]}, {"file_path": "rgb/16_41_46_854", "transform_matrix": [[0.8385894489251798, -0.17790340864320853, 0.5148962160906708, 1.9436356701386632], [0.06707748576738512, 0.971701193122799, 0.22648929817290508, -0.7594774132862288], [-0.5406184856758872, -0.1553935921357648, 0.8267916814220219, 2.5567934840705164], [0.0, 0.0, 0.0, 1.0]]}, {"file_path": "rgb/16_12_15_300", "transform_matrix": [[0.772107477998856, 0.4328118448655708, -0.4653213398956759, -1.2955327821625955], [-0.062302431089281275, 0.7802487845872028, 0.6223586114376166, 1.209671438289503], [0.6324305886803796, -0.4515370871747457, 0.6294011514186597, 1.7497665428799942], [0.0, 0.0, 0.0, 1.0]]}, {"file_path": "rgb/16_42_25_225", "transform_matrix": [[0.8469670164100054, -0.3603166791666421, 0.39092040600083394, 1.62080984131201], [0.06515673459698607, 0.8001100796513763, 0.5963039999672372, 1.0705445489740275], [-0.5276376342246558, -0.4795787225832604, 0.701143905197226, 1.9859708093516668], [0.0, 0.0, 0.0, 1.0]]}, {"file_path": "rgb/16_33_29_160", "transform_matrix": [[-0.6625511586367839, -0.4783858856346396, 0.576344434010268, 3.140779774159036], [0.12214650653790933, 0.6901602205388137, 0.7132735106019292, 1.5326455062583655], [-0.7389899817518769, 0.5429786500511576, -0.39883328905569426, -2.1072012149971813], [0.0, 0.0, 0.0, 1.0]]}, {"file_path": "rgb/16_36_05_678", "transform_matrix": [[-0.120349888610209, -0.4077154071519558, 0.9051431108296774, 3.3917291565187333], [0.13966293718540534, 0.8957483484526372, 0.4220535039791982, 0.21825801019955926], [-0.9828581628537538, 0.1772090376230523, -0.0508604826604679, -0.9285570850197501], [0.0, 0.0, 0.0, 1.0]]}, {"file_path": "rgb/16_16_19_914", "transform_matrix": [[-0.030539764608637405, 0.45855806930259563, -0.8881395272450857, -3.2098230402957237], [-0.08370404108040866, 0.8842595287550326, 0.45943304116349437, 0.31881130549014514], [0.9960225681602087, 0.08837184440422094, 0.011378085609533987, -0.16420457479898826], [0.0, 0.0, 0.0, 1.0]]}, {"file_path": "rgb/16_06_25_374", "transform_matrix": [[0.9960640586621183, 0.03625819963953641, -0.08088098664363388, -0.4298428887509126], [-0.0071539344518757346, 0.9424135612202916, 0.334373295659127, -0.14757990881206184], [0.08834711236597623, -0.3324786047056069, 0.9389636655108686, 3.339825234391678], [0.0, 0.0, 0.0, 1.0]]}, {"file_path": "rgb/16_18_52_400", "transform_matrix": [[-0.43938848985407, 0.4252477867077514, -0.791266121405383, -2.5949195316154956], [-0.06424905249130174, 0.8637182223929984, 0.49986287275636804, 0.41407012762239115], [0.8959965481170837, 0.2704720913633008, -0.35218607802670504, -1.5798666049649137], [0.0, 0.0, 0.0, 1.0]]}]}