{"camera_angle_x": 0.5870227852179017, "w": 1079.0, "h": 1439.0, "frames": [{"file_path": "rgb/12_35_03_952", "transform_matrix": [[0.9999999999999998, 6.5904319926795216e-18, -1.6488780345366643e-17, 0.435104914751126], [6.5904319926795216e-18, 1.0000000000000002, -7.66159204267866e-18, -1.4682801727610835], [-1.6488780345366643e-17, -7.66159204267866e-18, 1.0, 4.410875208583307], [0.0, 0.0, 0.0, 1.0]]}, {"file_path": "rgb/12_38_29_673", "transform_matrix": [[0.9672767759478835, 0.1162618704334383, -0.22551899298104733, -0.2545729268435707], [-0.03243851883784226, 0.9382098916849899, 0.34454309112220866, -0.15903017497855285], [0.25164137419644295, -0.32595302825370104, 0.9112800020656482, 3.6312461782478973], [0.0, 0.0, 0.0, 1.0]]}, {"file_path": "rgb/13_05_36_768", "transform_matrix": [[0.9657887091748142, 0.035424409663348255, -0.2568993585637169, -0.6654773654246807], [-0.03222905065484671, 0.9993419931200722, 0.016639383422742418, -1.3047701810185468], [0.25731975735324564, -0.007790506196967562, 0.9662949086530787, 3.220293815774338], [0.0, 0.0, 0.0, 1.0]]}, {"file_path": "rgb/12_40_57_896", "transform_matrix": [[0.7661415488325766, 0.3868017609751546, -0.5132363245707966, -1.7643910332540853], [-0.0700598267981367, 0.8441059380141704, 0.5315795199951112, 0.5177876945343597], [0.6388417236072139, -0.37130790877078984, 0.6738038951080849, 2.3038233887234227], [0.0, 0.0, 0.0, 1.0]]}, {"file_path": "rgb/12_59_42_887", "transform_matrix": [[0.37637777844143455, -0.07837992690434681, 0.9231448179749261, 4.021271264929821], [0.11870882579536098, 0.9922816764546387, 0.035850930959444555, -1.2285098051877803], [-0.918829680938626, 0.09609194363130273, 0.38277716206088047, 0.8263661344677358], [0.0, 0.0, 0.0, 1.0]]}, {"file_path": "rgb/12_54_50_956", "transform_matrix": [[-0.9175297333403664, -0.17182493722350473, 0.35862986404438424, 1.7859492364438707], [0.11081228868749185, 0.7556408175475589, 0.6455444148406032, 0.9987572525507168], [-0.3819159922184391, 0.6320467908345043, -0.674282603278187, -3.1403501752329075], [0.0, 0.0, 0.0, 1.0]]}, {"file_path": "rgb/12_56_06_974", "transform_matrix": [[-0.7485835385398939, -0.23149321996589242, 0.6213160024793448, 2.5266251227640417], [0.13441396156425442, 0.8646298748188963, 0.48409510068504424, 0.46362649929469363], [-0.6492731110739868, 0.44589916873715185, -0.616131770448354, -2.8342192850968013], [0.0, 0.0, 0.0, 1.0]]}, {"file_path": "rgb/12_52_54_948", "transform_matrix": [[-0.9812551073056223, 0.05256903465229541, 0.1854047221145056, 0.8292498995577854], [0.09222510805599168, 0.9728509871839667, 0.21226277624501777, -0.47053027035369005], [-0.1692127176978491, 0.22538290381239556, -0.9594631847227908, -4.7258534770979095], [0.0, 0.0, 0.0, 1.0]]}, {"file_path": "rgb/13_04_44_315", "transform_matrix": [[0.9998393953064668, 0.0017601146596131212, 0.017834954151429813, 0.6667469949621456], [-0.005625768158733919, 0.9756873921394832, 0.2190946451939858, -0.5408945874594697], [-0.017015708208087132, -0.21915979288281726, 0.9755405941618923, 3.128052556840871], [0.0, 0.0, 0.0, 1.0]]}, {"file_path": "rgb/12_56_56_447", "transform_matrix": [[-0.5146125925554749, -0.22886938259716466, 0.8263127043032346, 3.1063973853667357], [0.14967262462382663, 0.9249417462096139, 0.34940073204978483, -0.05449072348606991], [-0.8442582454566535, 0.30348240777399804, -0.44173118879036527, -1.9723377090321956], [0.0, 0.0, 0.0, 1.0]]}, {"file_path": "rgb/12_42_01_560", "transform_matrix": [[0.5770793660473607, 0.28870977730619685, -0.7639542327719524, -2.5971068691035035], [-0.08035480227994994, 0.9509630483727612, 0.2986844260756414, -0.23918285164901187], [0.8127253601512175, -0.11097722792262979, 0.5719803701611466, 1.6373223407526118], [0.0, 0.0, 0.0, 1.0]]}, {"file_path": "rgb/13_05_52_423", "transform_matrix": [[0.9675162598962562, 0.09153082073598529, -0.23565736927105913, -0.43949922847149286], [-0.034694039683436186, 0.9714094749419044, 0.2348615668932178, -0.4457911583654527], [0.2504168733268658, -0.21905647867271621, 0.9430300359504495, 2.68876200353787], [0.0, 0.0, 0.0, 1.0]]}, {"file_path": "rgb/12_57_13_084", "transform_matrix": [[-0.5271888276430831, -0.4473181193438641, 0.7224807541484963, 2.885374407244071], [0.14836392990114078, 0.7887155416993346, 0.5965869078233402, 0.7865529586634815], [-0.8366959330082828, 0.4217040364860095, -0.3494361476705083, -1.7132558419566069], [0.0, 0.0, 0.0, 1.0]]}, {"file_path": "rgb/12_53_16_368", "transform_matrix": [[-0.9823381166219823, 0.010533179048489933, 0.18681776353095703, 0.7259007806213001], [0.08948534018630742, 0.9032832641987175, 0.4196090067077333, 0.25816045595671616], [-0.16432954245453543, 0.42891537248930856, -0.8882721456395223, -4.000052076343566], [0.0, 0.0, 0.0, 1.0]]}, {"file_path": "rgb/13_02_54_307", "transform_matrix": [[0.800417294539195, -0.2516576152529348, 0.544059371105545, 2.514992824763729], [0.07021052869173054, 0.940718810098683, 0.3318412300895507, -0.17564334749565516], [-0.5953172568163829, -0.22741276351982598, 0.7706366191175273, 2.7980958879746276], [0.0, 0.0, 0.0, 1.0]]}, {"file_path": "rgb/12_51_00_865", "transform_matrix": [[-0.9118186253629567, 0.23818497996879384, -0.3344468713539919, -1.1925990281904408], [0.022025797523835863, 0.8417473622750762, 0.5394221374270719, 0.7298115277115051], [0.4100020227811656, 0.4844886927681772, -0.7727671369145661, -3.872981829583697], [0.0, 0.0, 0.0, 1.0]]}, {"file_path": "rgb/12_44_50_609", "transform_matrix": [[-0.1563832124930594, 0.36761701466277424, -0.9167344333997604, -2.776934717754938], [-0.07183703998220706, 0.9214624474212533, 0.38176746545381385, 0.026587681893991803], [0.9850805705813838, 0.12555751081820504, -0.11769273953898318, -0.7948968425793737], [0.0, 0.0, 0.0, 1.0]]}, {"file_path": "rgb/12_52_14_422", "transform_matrix": [[-0.9887973137978857, 0.11333697259567259, -0.09713188389469173, -0.18722223643089936], [0.06030653417962556, 0.8986009529100121, 0.4346026338673753, 0.31416195809563097], [0.13653935023034852, 0.4238762296615204, -0.8953691684252966, -4.102400959985861], [0.0, 0.0, 0.0, 1.0]]}, {"file_path": "rgb/12_43_11_580", "transform_matrix": [[0.35900423863247616, 0.5664470892620238, -0.7417908409454089, -2.5279407927818127], [-0.08292920821378391, 0.810989536034339, 0.579153450190744, 0.7024183263800705], [0.9296443960294447, -0.14640241633726006, 0.33812368953041516, 0.8545310426751849], [0.0, 0.0, 0.0, 1.0]]}, {"file_path": "rgb/12_37_19_565", "transform_matrix": [[0.9999826868856005, 0.0012175615747985157, 0.005757036813009028, 0.48033052071100807], [-0.0024426819224531754, 0.9759729233763308, 0.21787814516670725, -0.606076749100133], [-0.00535343199083418, -0.2178884356272049, 0.9759590003611058, 3.865003217031951], [0.0, 0.0, 0.0, 1.0]]}, {"file_path": "rgb/12_46_23_517", "transform_matrix": [[-0.6356412124499573, 0.15065675937009812, -0.7571411954789198, -2.465776777154372], [-0.02533140223726765, 0.9761737862132767, 0.21550651769895474, -0.5564250159927032], [0.771568901068363, 0.15616427237411393, -0.6166799420591055, -2.784897799983758], [0.0, 0.0, 0.0, 1.0]]}, {"file_path": "rgb/13_04_52_577", "transform_matrix": [[0.999761287748739, -0.002030863585935322, 0.021754151605568286, 0.682077553063258], [-0.005287265129184939, 0.9435888633152127, 0.3310771841352987, -0.14492876133696442], [-0.0211993477832793, -0.3311131719225318, 0.9433528793791659, 3.105790586284723], [0.0, 0.0, 0.0, 1.0]]}, {"file_path": "rgb/12_53_25_234", "transform_matrix": [[-0.9831258018166968, -0.009685029842973843, 0.18267418536623456, 0.7283847998575145], [0.08881303819703211, 0.8477395878301704, 0.5229243114177667, 0.6452070094472523], [-0.15992467617128153, 0.530324232354579, -0.8325745050919091, -3.8906965683851227], [0.0, 0.0, 0.0, 1.0]]}, {"file_path": "rgb/13_04_15_399", "transform_matrix": [[0.9368715890934083, -0.22934061725784027, 0.26395929009107627, 1.4520170757873136], [0.03188312248534328, 0.807755770318074, 0.5886544674241757, 0.5924991631178432], [-0.348217018610775, -0.5430777999455033, 0.7640755271281598, 2.7714235804311467], [0.0, 0.0, 0.0, 1.0]]}, {"file_path": "rgb/12_37_28_224", "transform_matrix": [[0.9999441229216492, 0.0005541716863772886, 0.010556700630186428, 0.4953490242666298], [-0.0040042566653454075, 0.9440668873787101, 0.3297297045818463, -0.20221731957855227], [-0.009783504638492145, -0.3297535519881713, 0.9440163547249449, 3.86214479468652], [0.0, 0.0, 0.0, 1.0]]}, {"file_path": "rgb/12_55_38_870", "transform_matrix": [[-0.7415904945336298, -0.011127237319591733, 0.6707605556433678, 2.9770906084797977], [0.13754450925093972, 0.9760992113649374, 0.1682612181926231, -0.6951716262492877], [-0.6566011318847114, 0.21704035146115305, -0.7223354064735679, -3.491275207169935], [0.0, 0.0, 0.0, 1.0]]}, {"file_path": "rgb/13_04_07_248", "transform_matrix": [[0.9389112434213539, -0.1915728992460165, 0.2859117018441924, 1.5098380259341795], [0.03386242435623431, 0.8781457666255231, 0.4771931985835408, 0.3005281029196132], [-0.3424894351563053, -0.4383603960580241, 0.8309880564569909, 2.9440163521270253], [0.0, 0.0, 0.0, 1.0]]}, {"file_path": "rgb/13_02_04_236", "transform_matrix": [[0.5859070836834545, -0.4520899990584645, 0.6725529882774048, 3.15342215371714], [0.09740297661751374, 0.863195271608553, 0.4953852876485983, 0.3441372089232448], [-0.8045032936138905, -0.22474108619465644, 0.5497871358448181, 2.0216351036756173], [0.0, 0.0, 0.0, 1.0]]}, {"file_path": "rgb/12_46_01_014", "transform_matrix": [[-0.39802917107714775, 0.5759889458465367, -0.7140094629864748, -2.1677235848381105], [-0.05609269377620338, 0.7615828574705212, 0.6456354706116795, 0.9349111150078393], [0.9156562612009856, 0.2970324653461827, -0.2708234219077092, -1.382499948512612], [0.0, 0.0, 0.0, 1.0]]}, {"file_path": "rgb/12_40_25_624", "transform_matrix": [[0.751803346206333, 0.08947084329165592, -0.6532891372383596, -2.4792064799790805], [-0.06934012585254615, 0.9959856704206753, 0.05660822611097168, -1.1883156980898175], [0.6557314050582856, 0.0027408971811759496, 0.7549892793297988, 2.820673972057628], [0.0, 0.0, 0.0, 1.0]]}, {"file_path": "rgb/12_45_07_474", "transform_matrix": [[-0.14191954765364165, 0.6118457354846032, -0.7781411427004041, -2.4438775091392375], [-0.07578235139828707, 0.7770751613552667, 0.6248289596531462, 0.8598201124401417], [0.9869730883921467, 0.14764480882845663, -0.06391504686438242, -0.6557971586475758], [0.0, 0.0, 0.0, 1.0]]}, {"file_path": "rgb/12_48_45_018", "transform_matrix": [[-0.6274994823066723, 0.5013565897496296, -0.5957230645354261, -2.690317853440182], [-0.028838131698067784, 0.7496140729770222, 0.6612466285395829, 1.1413967767551338], [0.7780827474407995, 0.4321114572762699, -0.4559242553599835, -2.7182688797675842], [0.0, 0.0, 0.0, 1.0]]}, {"file_path": "rgb/12_51_08_957", "transform_matrix": [[-0.9080305132945399, 0.29589281078334434, -0.2965266117109652, -1.0834344497029667], [0.021159384258447586, 0.7393565803050277, 0.6729815210074184, 1.1683533616293296], [0.41836929546019147, 0.6048134354380588, -0.6776192448047469, -3.6096251595666136], [0.0, 0.0, 0.0, 1.0]]}, {"file_path": "rgb/12_50_52_421", "transform_matrix": [[-0.9138832711024815, 0.19625902200158724, -0.3553867795543443, -1.2345599073662639], [0.023252822017300032, 0.8992535402658904, 0.43680931376001453, 0.3403162775027388], [0.4053105883976624, 0.39092897897475365, -0.826376343036571, -3.977109460958962], [0.0, 0.0, 0.0, 1.0]]}, {"file_path": "rgb/13_06_00_768", "transform_matrix": [[0.9687633929324867, 0.1187899028141144, -0.2176842840063314, -0.4041362083392387], [-0.03707183468284796, 0.9373137927372099, 0.34650906628519035, -0.0458528524160805], [0.2452002601694857, -0.3276153429465722, 0.9124390497336337, 2.6716765686894988], [0.0, 0.0, 0.0, 1.0]]}, {"file_path": "rgb/12_38_45_959", "transform_matrix": [[0.9708162471491825, 0.1729468435668798, -0.16614813742991608, -0.11445338962948189], [-0.03768112135535857, 0.7941839921479483, 0.6065079716783204, 0.6169966509551494], [0.23684583037195275, -0.5825471448013463, 0.777523553803497, 3.2977869786483174], [0.0, 0.0, 0.0, 1.0]]}, {"file_path": "rgb/12_52_39_124", "transform_matrix": [[-0.9860939114830806, 0.15387840800959202, -0.06277127754341012, -0.07148193126176512], [0.051720164106165235, 0.6431053352802186, 0.7640291567466186, 1.385827244513748], [0.15793613380360308, 0.750157958887694, -0.6421208720767603, -3.456525248505444], [0.0, 0.0, 0.0, 1.0]]}, {"file_path": "rgb/13_01_47_123", "transform_matrix": [[0.5981530903852347, -0.2454727509808601, 0.7628604125188836, 3.3413489148765527], [0.09961491964165212, 0.9673233645238833, 0.23315740655398745, -0.531360577674992], [-0.7951664908982145, -0.06347154458560793, 0.6030602082549775, 2.0914281120973404], [0.0, 0.0, 0.0, 1.0]]}, {"file_path": "rgb/12_38_21_370", "transform_matrix": [[0.9661062753429114, 0.08958191507293198, -0.2421027575946053, -0.2861407166275928], [-0.03171782860585272, 0.9719436650178334, 0.23306542296151825, -0.55916645400208], [0.2561886884536005, -0.21748699391818263, 0.9418422178819851, 3.6409674353145336], [0.0, 0.0, 0.0, 1.0]]}, {"file_path": "rgb/12_44_58_860", "transform_matrix": [[-0.15122814677828156, 0.4728023771026311, -0.8680944417677767, -2.696727777877829], [-0.07343526093752777, 0.8703943566846781, 0.48684794988014735, 0.41977422686940463], [0.9857673711748851, 0.13737385507281458, -0.09690775959328338, -0.7393722957880936], [0.0, 0.0, 0.0, 1.0]]}, {"file_path": "rgb/12_40_41_098", "transform_matrix": [[0.7563889909675611, 0.22819531778497174, -0.6130273984774991, -1.9996368964029219], [-0.06786497649178941, 0.9594949277079692, 0.27342975088393057, -0.35457483397973394], [0.6505920682799964, -0.16521616338510958, 0.7412378700845372, 2.428678505269792], [0.0, 0.0, 0.0, 1.0]]}, {"file_path": "rgb/12_43_33_418", "transform_matrix": [[0.08975976695799422, 0.15167112798334742, -0.9843470186737525, -3.5942063732142704], [-0.08207711204104674, 0.9861011672653339, 0.1444570372011946, -0.82535371034329], [0.9925757058857766, 0.06782593054433435, 0.10096093913562361, 0.011527484233121391], [0.0, 0.0, 0.0, 1.0]]}, {"file_path": "rgb/12_39_44_897", "transform_matrix": [[0.8974567423030253, 0.15408198453119165, -0.4133160264709926, -1.356646061712362], [-0.05142893977385967, 0.9671669025791749, 0.24888400251752113, -0.4416751779378172], [0.43809412213424803, -0.20210622107776485, 0.8759147307547054, 3.0460664686299834], [0.0, 0.0, 0.0, 1.0]]}, {"file_path": "rgb/12_59_12_129", "transform_matrix": [[0.07736638589329334, -0.40047118297199763, 0.9130373891264357, 3.7104135451584623], [0.14250515022499563, 0.9108210709282432, 0.38742387499027425, 0.08353676765459064], [-0.9867657900906178, 0.10013894528172788, 0.12753614054338341, -0.15806035965191487], [0.0, 0.0, 0.0, 1.0]]}, {"file_path": "rgb/13_00_45_578", "transform_matrix": [[0.32069113196963633, -0.5222667785336881, 0.7901864399722868, 3.152165644815312], [0.12080651053985764, 0.849987823762725, 0.5127635775543052, 0.44743435470378334], [-0.9394482342775551, -0.06897906562972575, 0.3356767844484236, 0.851395366477377], [0.0, 0.0, 0.0, 1.0]]}, {"file_path": "rgb/13_00_29_284", "transform_matrix": [[0.3332150228604316, -0.28189805628756454, 0.899722865332106, 3.3897922953671817], [0.12145569584855401, 0.9591409069853721, 0.2555332355941609, -0.4049621749527599], [-0.9349953275209806, 0.024128953739657497, 0.35383828383226695, 0.8496306963865172], [0.0, 0.0, 0.0, 1.0]]}, {"file_path": "rgb/12_55_58_481", "transform_matrix": [[-0.7454841804898975, -0.15819511866273767, 0.6474779077857309, 2.5558763131921407], [0.13463549229077487, 0.9156604895708876, 0.37873361621913465, 0.07084618916734768], [-0.6527837473887702, 0.3695134263732299, -0.6613117319955766, -2.926272469234878], [0.0, 0.0, 0.0, 1.0]]}, {"file_path": "rgb/13_05_22_715", "transform_matrix": [[0.9570285405322697, 0.03832549783708349, -0.2874500457857221, -0.5341117878799218], [-0.03439206337200309, 0.9992330241699423, 0.018722964113834242, -1.3172987154897995], [0.2879471454689041, -0.008032410829353073, 0.9576126157233823, 3.286187922476102], [0.0, 0.0, 0.0, 1.0]]}, {"file_path": "rgb/12_39_17_722", "transform_matrix": [[0.8939903680677783, 0.05908155636306873, -0.44417405541043886, -1.7083607006054016], [-0.05057587626646595, 0.9982394233939756, 0.03098603430486768, -1.2938598976794018], [0.4452227560917313, -0.005236724145956747, 0.8954045310239959, 3.545067452112452], [0.0, 0.0, 0.0, 1.0]]}, {"file_path": "rgb/12_56_36_572", "transform_matrix": [[-0.5087098337156717, -0.041256616447823316, 0.8599489500431117, 3.650762442017349], [0.1504003760366166, 0.9792330395496027, 0.13594992145084303, -0.8479559748696444], [-0.8476992579736151, 0.19849570739369457, -0.4919404660904193, -2.3830051930746783], [0.0, 0.0, 0.0, 1.0]]}, {"file_path": "rgb/12_50_12_240", "transform_matrix": [[-0.9262946036687021, 0.11471183668552036, -0.358914337605056, -1.6155046256001904], [0.031426505469179786, 0.9727334300686982, 0.2297869639052239, -0.3833436507763075], [0.3754872593953584, 0.20157100126511143, -0.9046427192437595, -4.614766813421634], [0.0, 0.0, 0.0, 1.0]]}, {"file_path": "rgb/12_54_42_837", "transform_matrix": [[-0.9131303756380577, -0.11187917871535943, 0.39201526304096296, 1.8682283483629327], [0.1135542294943936, 0.85374464287206, 0.508158953213651, 0.555352135744903], [-0.39153333708770355, 0.5085303669764821, -0.7668758125092553, -3.404306892411811], [0.0, 0.0, 0.0, 1.0]]}, {"file_path": "rgb/12_53_33_405", "transform_matrix": [[-0.9847214536342693, -0.03538838460710615, 0.17050314069632427, 0.7104444286557258], [0.08730018065297047, 0.7468755789095103, 0.6592082736787687, 1.0872731276000662], [-0.1506729478385877, 0.6640214844893824, -0.7323749933784921, -3.607086210444273], [0.0, 0.0, 0.0, 1.0]]}, {"file_path": "rgb/12_42_09_719", "transform_matrix": [[0.581416125661469, 0.37474298866010136, -0.7221654805312295, -2.5290220669197665], [-0.08003878317653092, 0.9096496220056677, 0.4075921470938398, 0.16260859699105068], [0.8096598557471076, -0.1791794006995255, 0.5588789317522463, 1.646234669218647], [0.0, 0.0, 0.0, 1.0]]}, {"file_path": "rgb/12_48_06_913", "transform_matrix": [[-0.6433754316033684, 0.149725890847583, -0.7507664161502408, -3.4529208123892055], [-0.025027531525950487, 0.9760499929923062, 0.21610190615873026, -0.4279017094282756], [0.7651416056357783, 0.15782448729400875, -0.6242193160544508, -3.501500302419908], [0.0, 0.0, 0.0, 1.0]]}, {"file_path": "rgb/12_55_15_391", "transform_matrix": [[-0.7415002884471258, -0.010629945292105784, 0.6708683376758185, 2.9788452313808214], [0.13835998362075821, 0.975961519795099, 0.16839129078341367, -0.694563768729456], [-0.6565316726291983, 0.21768352290039666, -0.7222049893848559, -3.4938366476321723], [0.0, 0.0, 0.0, 1.0]]}, {"file_path": "rgb/13_04_28_783", "transform_matrix": [[0.9999332186705037, 0.0017221214969138276, 0.011427707416476144, 0.6241687123943856], [-0.0017407712870442116, 0.9999971690322413, 0.0016222339008418534, -1.4018427912902967], [-0.011424881381131255, -0.0016420185908524768, 0.9999333857114554, 3.689512416388816], [0.0, 0.0, 0.0, 1.0]]}, {"file_path": "rgb/12_56_15_405", "transform_matrix": [[-0.7548347915424237, -0.3304387646301449, 0.5665992060591059, 2.391068670653863], [0.13032393646913595, 0.7710509849221328, 0.6232945132389646, 0.9076955251110415], [-0.642837544843403, 0.5443258229041802, -0.5389520289036795, -2.603685350653209], [0.0, 0.0, 0.0, 1.0]]}, {"file_path": "rgb/12_38_59_579", "transform_matrix": [[0.8683155711750384, 0.0654609061092378, -0.49167360985345165, -1.4748032594991247], [-0.05516002257432812, 0.9978484578402281, 0.03543765081771313, -1.315313605600577], [0.49293553408591506, -0.0036503365921663664, 0.8700581786743904, 3.6369732562566686], [0.0, 0.0, 0.0, 1.0]]}, {"file_path": "rgb/12_42_17_798", "transform_matrix": [[0.5894212012502961, 0.48752076940031763, -0.6441320880999333, -2.315095584467417], [-0.08040810754593457, 0.8288117456455547, 0.5537198086765992, 0.6270610137437349], [0.8038141475226344, -0.2745807525725184, 0.5277198371855752, 1.561303071203098], [0.0, 0.0, 0.0, 1.0]]}, {"file_path": "rgb/12_44_31_774", "transform_matrix": [[-0.16154819927877495, 0.15941580272541955, -0.9739038870192452, -3.4506462349465337], [-0.07160683313607638, 0.9823716956876251, 0.1726797989344506, -0.7230706720299687], [0.9842635016894649, 0.0976342836980447, -0.14728511767575975, -1.0031344602563912], [0.0, 0.0, 0.0, 1.0]]}, {"file_path": "rgb/12_37_44_622", "transform_matrix": [[0.9996496122132263, -0.008217388492550185, 0.02516202154653425, 0.5213338551369305], [-0.008355569345981903, 0.8040278370278436, 0.5945329442051397, 0.5876812051712346], [-0.025116473933461253, -0.594534870138573, 0.8036774545341309, 3.5268657526752634], [0.0, 0.0, 0.0, 1.0]]}, {"file_path": "rgb/12_58_13_335", "transform_matrix": [[-0.2271227024184, -0.38689400802061924, 0.893716008922243, 3.6806659209970514], [0.1450075515398803, 0.894033689813703, 0.4238827331639077, 0.21590395048810862], [-0.9630099106668482, 0.22586896209049268, -0.14695279487506102, -1.092788791895981], [0.0, 0.0, 0.0, 1.0]]}, {"file_path": "rgb/12_45_44_693", "transform_matrix": [[-0.4106655343320893, 0.3514805640091378, -0.8413175571896485, -2.4760723267355784], [-0.052351827358928314, 0.9121021634379104, 0.40660660302565726, 0.11187956747202409], [0.9102818822122739, 0.21102382940251507, -0.35616827250665894, -1.5954573137997092], [0.0, 0.0, 0.0, 1.0]]}, {"file_path": "rgb/12_54_34_663", "transform_matrix": [[-0.9112631357821478, -0.0674419717737172, 0.4062647878019447, 1.8793058359242425], [0.11292775880484744, 0.9077645974956795, 0.4039935108696938, 0.16337928610617336], [-0.3960389105325388, 0.4140229655185569, -0.8195963429441465, -3.5074152028142254], [0.0, 0.0, 0.0, 1.0]]}, {"file_path": "rgb/12_46_57_750", "transform_matrix": [[-0.6387579137886699, 0.14972385403971253, -0.7546993408661758, -3.1576144921413296], [-0.025817128250294693, 0.9761602581128326, 0.21551015375150184, -0.4642992478477029], [0.7689745141818767, 0.15714298588413983, -0.6196646500536909, -3.289984005717782], [0.0, 0.0, 0.0, 1.0]]}, {"file_path": "rgb/13_01_55_719", "transform_matrix": [[0.594027257511265, -0.33411315374825556, 0.7317786672389675, 3.313980541828202], [0.10012271288937563, 0.933303034778462, 0.34484907950723104, -0.131288880675069], [-0.7981898644416108, -0.13158208755642747, 0.5878597575416911, 2.102392251963019], [0.0, 0.0, 0.0, 1.0]]}, {"file_path": "rgb/13_06_08_925", "transform_matrix": [[0.9708048199050253, 0.1510830430703886, -0.18631134089411214, -0.3274572307879419], [-0.03969090009260983, 0.8671859754787594, 0.4964001575168881, 0.4257531936013637], [0.23656422827428797, -0.4745128007014604, 0.8478649467170148, 2.499984651740854], [0.0, 0.0, 0.0, 1.0]]}, {"file_path": "rgb/12_48_27_937", "transform_matrix": [[-0.6377832480799666, 0.31216515453336996, -0.7041203340081329, -2.9358946560446886], [-0.026094496064673702, 0.90490333033974, 0.4248164780410226, 0.30197289380781367], [0.7697737367198871, 0.2893144984877271, -0.568986392825959, -2.982735486702573], [0.0, 0.0, 0.0, 1.0]]}, {"file_path": "rgb/12_45_29_462", "transform_matrix": [[-0.41623347627347146, 0.15980936794349226, -0.895103714184453, -3.094316712557023], [-0.04923556014663741, 0.9790277328491626, 0.19768803183115521, -0.6263445689473889], [0.9079237593797994, 0.12635530946394954, -0.3996358128645646, -1.9725900619831482], [0.0, 0.0, 0.0, 1.0]]}, {"file_path": "rgb/12_52_22_389", "transform_matrix": [[-0.9882004091874212, 0.12541744134036312, -0.08792278822608458, -0.16429623042136143], [0.0589701950225351, 0.8413202110326857, 0.5373107281703219, 0.7041486998189475], [0.14135935547680073, 0.5257858574700862, -0.8387888677752161, -3.99407438248716], [0.0, 0.0, 0.0, 1.0]]}, {"file_path": "rgb/12_37_36_508", "transform_matrix": [[0.9998341554698282, -0.004183937769716713, 0.01772445261987786, 0.5118398565254061], [-0.00487287707323437, 0.8763039842812343, 0.48173393299814743, 0.2853288535942232], [-0.01754755324722804, -0.4817404091391687, 0.8761382662442397, 3.705907746347605], [0.0, 0.0, 0.0, 1.0]]}, {"file_path": "rgb/12_43_03_459", "transform_matrix": [[0.3498946059604765, 0.43624316143288616, -0.8290148785292117, -2.7690660369568976], [-0.08243495888554946, 0.8958587935161136, 0.4366251248306621, 0.24836166948180535], [0.9331549937032435, -0.08443296857800413, 0.3494178466303704, 0.8898465919066639], [0.0, 0.0, 0.0, 1.0]]}, {"file_path": "rgb/13_02_26_258", "transform_matrix": [[0.8074038486278718, -0.056535340037837584, 0.5872842416987764, 2.891391176226514], [0.068202850648426, 0.9976688798034843, 0.0022753977870441245, -1.4366856816345246], [-0.5860438519294691, 0.038217294494337084, 0.8093775645625493, 3.2601806348478757], [0.0, 0.0, 0.0, 1.0]]}, {"file_path": "rgb/13_03_58_816", "transform_matrix": [[0.9419873609593039, -0.13906191772919407, 0.3054858340912137, 1.5705197373894983], [0.033732493767560955, 0.944750916852477, 0.3260488061174675, -0.17442571550016933], [-0.33394899409512696, -0.29682905542396504, 0.8946343282028527, 3.101599216778037], [0.0, 0.0, 0.0, 1.0]]}, {"file_path": "rgb/12_49_26_842", "transform_matrix": [[-0.8070126044491448, 0.25710656722469794, -0.5316266258852538, -2.263558911493534], [0.002241011294969812, 0.9015738311998348, 0.4326194687759991, 0.33579790855568914], [0.5905299603987789, 0.347937982959009, -0.7281576243409338, -3.5548757393894874], [0.0, 0.0, 0.0, 1.0]]}, {"file_path": "rgb/13_03_50_744", "transform_matrix": [[0.9436670315388184, -0.10013260034838449, 0.3153823012380137, 1.5762782178474877], [0.03226040935681386, 0.9764146180860066, 0.21348011517724239, -0.5749069301988704], [-0.329320208269771, -0.191279784440041, 0.9246406028775321, 3.1162456302866284], [0.0, 0.0, 0.0, 1.0]]}, {"file_path": "rgb/12_51_35_468", "transform_matrix": [[-0.9926410005405878, 0.08579692176947289, -0.08545602530344913, -0.3879389949244276], [0.06456669430630367, 0.9720100227765969, 0.22589302248674242, -0.4059886763117482], [0.10244503908016794, 0.21871306279397792, -0.9703966251647521, -4.838414400449129], [0.0, 0.0, 0.0, 1.0]]}, {"file_path": "rgb/12_44_09_712", "transform_matrix": [[0.11110236882942648, 0.6077055992221164, -0.7863524453542307, -2.566690661250945], [-0.08048261907663967, 0.7941540668464313, 0.6023635664097214, 0.7831461258866241], [0.9905447045272892, -0.003636314805232961, 0.13714213629509592, 0.11460511735068282], [0.0, 0.0, 0.0, 1.0]]}, {"file_path": "rgb/12_53_55_965", "transform_matrix": [[-0.8895879376811265, 0.019585929644076856, 0.4563438314387704, 1.93459139505632], [0.12005184864422598, 0.9739801721252043, 0.19222429072326233, -0.5649352784753913], [-0.44070495205902044, 0.22578533093833777, -0.8687923397243564, -4.260814532440976], [0.0, 0.0, 0.0, 1.0]]}, {"file_path": "rgb/12_59_20_613", "transform_matrix": [[0.06827968612870186, -0.5467604921599674, 0.834500358702832, 3.503509210746388], [0.14222007256566524, 0.833244257189106, 0.5343009066254629, 0.5434069911710168], [-0.987477258179439, 0.08220080336812305, 0.13465397322044492, -0.11979145251412321], [0.0, 0.0, 0.0, 1.0]]}, {"file_path": "rgb/12_52_30_996", "transform_matrix": [[-0.9870466169900188, 0.1412201501787841, -0.07613044773308746, -0.11172014282435797], [0.05411404980500117, 0.739778206646982, 0.6706712119838433, 1.1384818623329611], [0.1510319353721607, 0.6578640240609428, -0.7378375704340912, -3.7146917803637556], [0.0, 0.0, 0.0, 1.0]]}, {"file_path": "rgb/12_42_39_790", "transform_matrix": [[0.33748635665424387, 0.13710007072068628, -0.9312929344092692, -3.5160038873614923], [-0.08373093416816832, 0.9897874701521194, 0.11536851647305273, -0.9419628040643545], [0.9375991092868905, 0.03904272708520715, 0.3455192841596249, 0.9898683921886233], [0.0, 0.0, 0.0, 1.0]]}, {"file_path": "rgb/12_39_52_857", "transform_matrix": [[0.8997741864426376, 0.19906091242861093, -0.3883055067270849, -1.3098367933237218], [-0.05077757353040413, 0.9316020630287949, 0.35991559314213906, -0.039608848719375936], [0.43339133752055276, -0.30412554858739216, 0.84833931846789, 3.0352590272998294], [0.0, 0.0, 0.0, 1.0]]}, {"file_path": "rgb/13_03_02_545", "transform_matrix": [[0.7948655022680957, -0.34163657207497516, 0.5014711217258158, 2.401024876023521], [0.07106956528891292, 0.8731673252331508, 0.48221150860885714, 0.30138655648426266], [-0.6026092848552308, -0.34765395836383806, 0.718330547199701, 2.6773817066427816], [0.0, 0.0, 0.0, 1.0]]}, {"file_path": "rgb/12_59_04_147", "transform_matrix": [[0.08195644494406147, -0.29217427468363616, 0.9528469627097633, 3.756827301180331], [0.14189925142036597, 0.9497440181821197, 0.2790177456249365, -0.30551779076703156], [-0.9864825105284281, 0.11234096821895853, 0.11929695419899095, -0.20100141260523796], [0.0, 0.0, 0.0, 1.0]]}, {"file_path": "rgb/13_05_00_903", "transform_matrix": [[0.9995076964862091, -0.00802036459546834, 0.03033213504829281, 0.6879055480093671], [-0.007603321862966501, 0.8760362698617499, 0.48218527910271125, 0.3259924442828352], [-0.03043935218562063, -0.48217852258107385, 0.875544012714411, 2.9283058609643997], [0.0, 0.0, 0.0, 1.0]]}, {"file_path": "rgb/12_58_21_315", "transform_matrix": [[-0.2380599797070877, -0.5286790072316698, 0.8147551493389878, 3.473426752088116], [0.14444135320075469, 0.8102727847202505, 0.5679742158119728, 0.6725490628522773], [-0.9604499682687252, 0.25289626658815373, -0.11653041147433434, -0.9936184081004152], [0.0, 0.0, 0.0, 1.0]]}, {"file_path": "rgb/12_51_55_027", "transform_matrix": [[-0.9898490746427797, 0.08780910949306323, -0.11175137457260775, -0.27679675627605516], [0.06062961514068976, 0.9720600042600087, 0.22676727692928644, -0.4089452748774812], [0.1285412742924384, 0.21768993639593698, -0.9675165282284374, -4.843152959570872], [0.0, 0.0, 0.0, 1.0]]}, {"file_path": "rgb/12_38_37_754", "transform_matrix": [[0.9692931800083265, 0.14968158964072664, -0.19510549175246453, -0.1823971837053279], [-0.03435553623220931, 0.868055358050791, 0.495277288485461, 0.32033098009015026], [0.24349625935431382, -0.4733659441509689, 0.8465425297045143, 3.4754577098059425], [0.0, 0.0, 0.0, 1.0]]}, {"file_path": "rgb/12_40_01_012", "transform_matrix": [[0.9035716770876389, 0.2588183584799025, -0.34142536765565684, -1.1919955272949645], [-0.05358705236664168, 0.8589234412570249, 0.5092925975093741, 0.43756774996744846], [0.4250725257925836, -0.44188638740400144, 0.7899682072358065, 2.8857971205405515], [0.0, 0.0, 0.0, 1.0]]}]}