{"camera_angle_x": 0.5869607316815062, "w": 1079.0, "h": 1439.0, "frames": [{"file_path": "rgb/16_40_19_152", "transform_matrix": [[0.9999999999999998, 1.3829072280924047e-16, 8.243035369253878e-17, 0.2673673912268746], [1.3829072280924047e-16, 1.0, 2.929501846579589e-17, -1.7862732026666532], [8.243035369253878e-17, 2.929501846579589e-17, 0.9999999999999997, 4.909277252818382], [0.0, 0.0, 0.0, 1.0]]}, {"file_path": "rgb/17_02_48_870", "transform_matrix": [[0.9864027418041866, -0.015989347417416585, 0.16356641382126122, 1.1137801367941185], [0.015192471757892819, 0.9998658477185702, 0.0061217128249095865, -1.6196600032084045], [-0.16364235320682893, -0.003553496192509242, 0.9865133313350309, 3.4254864902566498], [0.0, 0.0, 0.0, 1.0]]}, {"file_path": "rgb/16_54_40_215", "transform_matrix": [[-0.8022058573218349, -0.2982146253766461, 0.5172366960009758, 2.478923183094361], [0.007236881474210032, 0.8614037192233374, 0.5078693336427487, 0.4584891865891478], [-0.5970036767265906, 0.41115893486542143, -0.6888649651820477, -4.1411968236677055], [0.0, 0.0, 0.0, 1.0]]}, {"file_path": "rgb/17_05_09_640", "transform_matrix": [[0.8688233234462269, 0.27657369430897155, -0.410673866044749, -1.5956989926714615], [-0.04476518279751549, 0.8699214158454562, 0.4911545669771808, 0.34282163209319244], [0.49309442406597725, -0.40834265252325097, 0.7681888876346216, 1.460439795387905], [0.0, 0.0, 0.0, 1.0]]}, {"file_path": "rgb/16_51_09_137", "transform_matrix": [[-0.8569570670718503, 0.2569325616505887, -0.4467776224916354, -1.3416067769409805], [-0.09302705848170448, 0.7755267561640724, 0.6244231072468995, 0.7760722768338588], [0.5069226287964004, 0.5766662026140408, -0.6406914539595857, -3.378081208005388], [0.0, 0.0, 0.0, 1.0]]}, {"file_path": "rgb/16_47_57_068", "transform_matrix": [[0.016371462833377676, 0.2912891409661017, -0.9564949615967276, -3.1448008681912327], [-0.11745982016651736, 0.9505595899923748, 0.28747114032538557, -0.4328745343304085], [0.992942680043085, 0.10764340308982585, 0.04977682111280852, -1.0611007018468543], [0.0, 0.0, 0.0, 1.0]]}, {"file_path": "rgb/16_52_47_119", "transform_matrix": [[-0.9880122482338244, -0.06813430148868074, 0.13852622242951865, 0.9024800757476032], [-0.04056872568501518, 0.9803879992227086, 0.19285629229140588, -0.8962744347068349], [-0.14894957481052742, 0.18492454661494692, -0.9713994730403234, -4.5326856852393895], [0.0, 0.0, 0.0, 1.0]]}, {"file_path": "rgb/16_46_44_481", "transform_matrix": [[0.4478715318501846, 0.07165401115486603, -0.8912220787455768, -3.839663006263109], [-0.09927450325822867, 0.9946054242354709, 0.030076952708194552, -1.55934421059156], [0.88856944802362, 0.07500501827742852, 0.45256887130270174, 1.2609623520125257], [0.0, 0.0, 0.0, 1.0]]}, {"file_path": "rgb/16_56_35_367", "transform_matrix": [[-0.21730353450043574, -0.34431953681954774, 0.9133582158485188, 3.265638377300793], [0.05576063872771958, 0.9298111373554695, 0.36378840006026164, -0.11752700080513681], [-0.9745100949001475, 0.12998194264627713, -0.1828517692657229, -2.438912815431389], [0.0, 0.0, 0.0, 1.0]]}, {"file_path": "rgb/16_54_53_973", "transform_matrix": [[-0.8044117176804761, -0.43024282937035324, 0.4096497238296861, 2.147207939006182], [0.013729710501801743, 0.6759139675569361, 0.7368526335102412, 1.2441834408155883], [-0.5939135320127685, 0.5983572647146803, -0.5378060061539692, -3.6275865109718164], [0.0, 0.0, 0.0, 1.0]]}, {"file_path": "rgb/16_56_01_664", "transform_matrix": [[-0.44521191207635424, -0.4224738533093312, 0.7894948996765473, 3.0285851542284963], [0.040620810668773516, 0.8712613676891467, 0.48913554247575314, 0.36461530313833984], [-0.8945033834960756, 0.24983889297385822, -0.3707347090193589, -3.059994230560059], [0.0, 0.0, 0.0, 1.0]]}, {"file_path": "rgb/16_45_02_698", "transform_matrix": [[0.6475122816009208, 0.06300553901305479, -0.7594459475365211, -3.786600681601952], [-0.08145147560288518, 0.9965894551709118, 0.013233101082418472, -1.5979602585412884], [0.7576895817536904, 0.05328939759294862, 0.6504358060609041, 1.7925149882125349], [0.0, 0.0, 0.0, 1.0]]}, {"file_path": "rgb/16_49_21_612", "transform_matrix": [[-0.42274652889764897, 0.35197080063179315, -0.8351059380746874, -2.271684339144685], [-0.11763472311729127, 0.8923898926707, 0.43566311684178033, 0.19870613636826237], [0.8985807944876781, 0.28241252621261526, -0.3358507418721919, -2.7794176206914707], [0.0, 0.0, 0.0, 1.0]]}, {"file_path": "rgb/17_04_28_708", "transform_matrix": [[0.956198841933877, 0.1626268751542291, -0.24338503274006537, -0.7845936564406931], [-0.024388819617845277, 0.872837285363229, 0.48740153750003445, 0.3187662961995948], [0.2917001202638766, -0.4601169120531432, 0.8385722789841789, 2.046579013370579], [0.0, 0.0, 0.0, 1.0]]}, {"file_path": "rgb/16_47_23_838", "transform_matrix": [[0.24082809265578772, 0.2876440992470421, -0.9269642398475431, -3.226462468180805], [-0.1090062995632306, 0.9570475242460492, 0.2686590087639703, -0.5281463451138119], [0.9644270093912274, 0.036344304957802165, 0.2618389486952383, -0.07432292235721441], [0.0, 0.0, 0.0, 1.0]]}, {"file_path": "rgb/17_01_03_656", "transform_matrix": [[0.6640233624135704, -0.32952189938281273, 0.6711842459385645, 3.671310119688153], [0.0667971555109222, 0.9202049019416445, 0.38569557744187066, -0.04619745536301791], [-0.7447221724808692, -0.21127767574855522, 0.6330486786540689, 1.8070879704972627], [0.0, 0.0, 0.0, 1.0]]}, {"file_path": "rgb/16_44_04_217", "transform_matrix": [[0.9131050062368637, 0.1263243134344343, -0.38766147012631497, -1.7316104416127054], [-0.041337154403230034, 0.9745759005725237, 0.22021138410422336, -0.7680957861614247], [0.4056235782730346, -0.18505129520912056, 0.8951120214198924, 3.102179619727621], [0.0, 0.0, 0.0, 1.0]]}, {"file_path": "rgb/16_52_07_389", "transform_matrix": [[-0.994175570484198, -0.0462892525854296, -0.09732543422713667, 0.05591042262107424], [-0.06398004842867198, 0.9802064985142742, 0.18735467347640575, -0.8992105213095785], [0.08672651529655287, 0.19249032538148, -0.9774589434748898, -4.732334774731844], [0.0, 0.0, 0.0, 1.0]]}, {"file_path": "rgb/17_03_09_396", "transform_matrix": [[0.9868920125601817, -0.09966463823486875, 0.12692956877901482, 0.8814730543803972], [0.023770930682231066, 0.8677104079641815, 0.4965013502148147, 0.3146599918511163], [-0.15962173536023985, -0.4869759827713745, 0.8587055920421381, 2.5035677692027716], [0.0, 0.0, 0.0, 1.0]]}, {"file_path": "rgb/16_56_42_166", "transform_matrix": [[-0.21746742876983807, -0.44865704428749487, 0.8668418391122131, 3.1807352433813483], [0.058394673813188705, 0.8805250769795322, 0.47038882945967214, 0.32395372947208534], [-0.9743192390045914, 0.15291319570723122, -0.1652863427029449, -2.378696529374958], [0.0, 0.0, 0.0, 1.0]]}, {"file_path": "rgb/16_59_25_775", "transform_matrix": [[0.42424860901220585, -0.10346733914123955, 0.8996152663679287, 3.728551868058286], [0.07078023912086202, 0.9942004601967589, 0.08096667644498128, -1.2779686832961539], [-0.9027753183938965, 0.02932498381217541, 0.4291116053233862, 0.6575794862044118], [0.0, 0.0, 0.0, 1.0]]}, {"file_path": "rgb/16_51_48_891", "transform_matrix": [[-0.9487702367373093, 0.14157550214827025, -0.2824737422715512, -0.6475234777549964], [-0.07484194541485019, 0.767861110535336, 0.6362295168678996, 0.8085037030698027], [0.30697511476982975, 0.6247765137382368, -0.7179279816201232, -3.4871484573294134], [0.0, 0.0, 0.0, 1.0]]}, {"file_path": "rgb/16_59_53_426", "transform_matrix": [[0.4258699256760569, -0.6228897185642143, 0.6562341083117083, 2.4536420153864933], [0.08166285295429145, 0.748795080669783, 0.6577515531050452, 0.9052890243980544], [-0.9010915518703051, -0.22652665554350684, 0.36975625684528696, 0.2950285872461358], [0.0, 0.0, 0.0, 1.0]]}, {"file_path": "rgb/16_44_47_205", "transform_matrix": [[0.8051529899976083, 0.32922501647404784, -0.49329458868466636, -2.4261226024050924], [-0.052876631892283206, 0.86830589026682, 0.4932027399839474, 0.2685876104553403], [0.5907052771879044, -0.37101990439275373, 0.7165273937866944, 2.0666372027909055], [0.0, 0.0, 0.0, 1.0]]}, {"file_path": "rgb/16_58_50_775", "transform_matrix": [[0.22536705796887863, -0.32934616303871417, 0.9169191862286058, 3.553092205000122], [0.07364810251318606, 0.9441969305772087, 0.3210422297530111, -0.27256871943045163], [-0.9714863077669489, -0.0048229845795332476, 0.23704660436523073, -0.5566658380270534], [0.0, 0.0, 0.0, 1.0]]}, {"file_path": "rgb/16_47_35_485", "transform_matrix": [[0.24310412879292798, 0.5372259201481348, -0.8076439149060811, -2.9175874990824324], [-0.10208755282427753, 0.8421685987107438, 0.5294621638077008, 0.43782665091970774], [0.9646131422089281, -0.04626404723510863, 0.25957874298802996, -0.08426915507444147], [0.0, 0.0, 0.0, 1.0]]}, {"file_path": "rgb/17_03_28_062", "transform_matrix": [[0.9980376823356428, 0.007518884405392313, -0.06216310011089131, -0.017961146757812043], [-0.0076386619555825356, 0.9999693979222035, -0.0016893971214589937, -1.6392399575119874], [0.06214849540919475, 0.002160924895503568, 0.9980645745251001, 3.3122631782097733], [0.0, 0.0, 0.0, 1.0]]}, {"file_path": "rgb/17_04_48_283", "transform_matrix": [[0.8705986887071263, 0.04595449858825949, -0.48984294144239104, -2.108042662870285], [-0.052856686219135786, 0.9986020748103639, -0.0002586626527775845, -1.5970546494897067], [0.4891462909430715, 0.026116666018804684, 0.8718106593823557, 2.255171936826281], [0.0, 0.0, 0.0, 1.0]]}, {"file_path": "rgb/16_41_55_726", "transform_matrix": [[0.9712424715480326, 0.02394114450474418, -0.236885801729593, -0.8174554687267225], [-0.0255957534814783, 0.9996647228036741, -0.003911442901103831, -1.7883365045030053], [0.23671273490242242, 0.009862230054920136, 0.9715296277280273, 4.599680511825877], [0.0, 0.0, 0.0, 1.0]]}, {"file_path": "rgb/16_48_17_143", "transform_matrix": [[0.01968358301968609, 0.6505593198222087, -0.7592003213592391, -2.568191902719705], [-0.1081071447230509, 0.7562802461329844, 0.6452542402563984, 0.866070153131146], [0.9939443655554048, 0.06937406360807882, 0.0852164155498562, -0.9700140808967356], [0.0, 0.0, 0.0, 1.0]]}, {"file_path": "rgb/16_55_34_929", "transform_matrix": [[-0.6471493481420115, -0.5428181721840898, 0.535300058981963, 2.4137813940525668], [0.03298989453860754, 0.6815614899447001, 0.7310168276330526, 1.1990797495222791], [-0.7616491239788181, 0.4907365559758965, -0.4231645596824177, -3.13822702701991], [0.0, 0.0, 0.0, 1.0]]}, {"file_path": "rgb/16_52_21_103", "transform_matrix": [[-0.99497477847839, -0.008118961304021228, -0.0997961555332758, 0.08478004052879683], [-0.05786127467186913, 0.8600542936072468, 0.5069109240695907, 0.3554411326511302], [0.08171452187478373, 0.5101379171509245, -0.8562021037113208, -3.800226719937849], [0.0, 0.0, 0.0, 1.0]]}, {"file_path": "rgb/16_56_28_536", "transform_matrix": [[-0.2227156950438835, -0.13160972001498164, 0.9659589022203259, 4.017680839562494], [0.052662992921151966, 0.9877745690987881, 0.14672426458595775, -0.9639333801869908], [-0.9734599777893825, 0.08354808339681706, -0.2130619379500053, -2.6684437743651594], [0.0, 0.0, 0.0, 1.0]]}, {"file_path": "rgb/17_04_35_624", "transform_matrix": [[0.9565441516826425, 0.18914202225452967, -0.22192021381388571, -0.7183338261927674], [-0.02173628158526684, 0.8052113089138124, 0.5925894717763309, 0.6771851662139533], [0.2907762368980307, -0.5620142733194342, 0.7743314126655642, 1.832972705132964], [0.0, 0.0, 0.0, 1.0]]}, {"file_path": "rgb/16_52_14_288", "transform_matrix": [[-0.9948412859663927, -0.022664362001842558, -0.09887943381605101, 0.08577251746410265], [-0.060809045921867325, 0.9134238660697306, 0.4024414253382705, -0.0822949549104396], [0.08119775656263928, 0.40637810914132166, -0.9100899717829647, -3.9152400622055157], [0.0, 0.0, 0.0, 1.0]]}, {"file_path": "rgb/17_03_16_317", "transform_matrix": [[0.9866715477169279, -0.11787545626932383, 0.1121812539383518, 0.8266823460865453], [0.02713599510447727, 0.7989295007183681, 0.600812192495782, 0.6718553150427256], [-0.16044592452154097, -0.5897601458993285, 0.791479674794767, 2.2829998546446406], [0.0, 0.0, 0.0, 1.0]]}, {"file_path": "rgb/16_45_48_462", "transform_matrix": [[0.6262311592351221, 0.06407497415922996, -0.7769999568143675, -3.696700291859057], [-0.08376702958761278, 0.996377627015187, 0.014652956618142109, -1.6055005289060371], [0.7751242609782657, 0.05591084036284191, 0.6293300866578823, 1.8870471743813868], [0.0, 0.0, 0.0, 1.0]]}, {"file_path": "rgb/16_59_46_554", "transform_matrix": [[0.42699943478835184, -0.534818512761421, 0.7291369151936348, 2.6968734028773693], [0.07907472118653844, 0.8253384509098681, 0.5590739038078691, 0.5691583370482161], [-0.9007878058453604, -0.18106794265512832, 0.39470967682961594, 0.37030027680429467], [0.0, 0.0, 0.0, 1.0]]}, {"file_path": "rgb/16_44_36_675", "transform_matrix": [[0.8037875544807911, 0.18107356076599487, -0.5666903324156084, -2.591673090157898], [-0.05955533313628469, 0.9722604278213156, 0.22619200425244687, -0.7154343146528112], [0.5919279766633905, -0.14806088640905948, 0.7922747278305348, 2.2593604412866792], [0.0, 0.0, 0.0, 1.0]]}, {"file_path": "rgb/16_58_31_778", "transform_matrix": [[-0.010987692360299438, -0.6927647340371623, 0.7210799497219537, 3.1757273756612254], [0.07875864518346828, 0.7182836201353873, 0.6912783208332716, 1.0705020064456847], [-0.9968331587710454, 0.06438683343372471, 0.04666893243816278, -1.2799740187767301], [0.0, 0.0, 0.0, 1.0]]}, {"file_path": "rgb/16_45_07_791", "transform_matrix": [[0.6430199062884304, 0.23079467507364881, -0.7302459983282804, -3.2394347228814366], [-0.07915883608717136, 0.9684332301936596, 0.23637038165979765, -0.6526137412807634], [0.7617475164292578, -0.09418543737926234, 0.6409912827796758, 1.411668674516669], [0.0, 0.0, 0.0, 1.0]]}, {"file_path": "rgb/17_02_09_226", "transform_matrix": [[0.9249464129035128, -0.038905200397965876, 0.3781012015835417, 2.2700443100364582], [0.034309783431442864, 0.9992327934869603, 0.01888552835197053, -1.577663173692144], [-0.3785458651442535, -0.004495531363442909, 0.9255716169913316, 3.244388737218671], [0.0, 0.0, 0.0, 1.0]]}, {"file_path": "rgb/16_55_47_561", "transform_matrix": [[-0.45012504703469924, -0.13410496151780046, 0.8828382079001335, 3.812830249015286], [0.03471474107021437, 0.9852834143943244, 0.1673663050673268, -0.9065976385036594], [-0.8922904957380405, 0.10598326573459944, -0.43884532423143274, -3.535123179641539], [0.0, 0.0, 0.0, 1.0]]}, {"file_path": "rgb/16_58_04_231", "transform_matrix": [[-0.012847087961583304, -0.12625794781466443, 0.991914251810375, 4.5498364910727505], [0.06730056532657985, 0.9896374576823607, 0.1268398054977878, -1.0526663178267002], [-0.9976500319438821, 0.06838591204058998, -0.004216728204022189, -1.5040083539854014], [0.0, 0.0, 0.0, 1.0]]}, {"file_path": "rgb/17_02_16_086", "transform_matrix": [[0.9271651414381864, -0.12339865458577115, 0.35374789405497353, 1.9757508081038664], [0.03679085663732095, 0.9696261757674934, 0.2418088338634424, -0.635190004837567], [-0.37284210246403127, -0.21118203359407067, 0.9035435326077393, 2.6431628710967128], [0.0, 0.0, 0.0, 1.0]]}, {"file_path": "rgb/17_01_10_493", "transform_matrix": [[0.6620935671474485, -0.4413585347719158, 0.6056688469171536, 3.454858451807516], [0.07031424745537727, 0.8412020088088196, 0.5361297296184859, 0.46862350682428905], [-0.7461152826117091, -0.3123808959587548, 0.5879882319343259, 1.6883450487514258], [0.0, 0.0, 0.0, 1.0]]}, {"file_path": "rgb/16_51_42_048", "transform_matrix": [[-0.9493163806968202, 0.08765084141008342, -0.30185383771089325, -0.7276472243889771], [-0.07827509347536114, 0.8641550405049495, 0.49710066959451277, 0.32988002295042085], [0.30441980730910606, 0.49553344586414527, -0.8134956576085042, -3.7851425900638893], [0.0, 0.0, 0.0, 1.0]]}, {"file_path": "rgb/17_04_55_145", "transform_matrix": [[0.8677362693631804, 0.15371471436788292, -0.4726579666296443, -1.7412429222447066], [-0.05070662263099817, 0.9733911302059901, 0.2234693403079326, -0.640083530480605], [0.49443159815390747, -0.16994556252843201, 0.8524411419704396, 1.6858788801048794], [0.0, 0.0, 0.0, 1.0]]}, {"file_path": "rgb/16_45_23_716", "transform_matrix": [[0.6455312087802447, 0.4986584844697571, -0.5784714118753329, -2.828747943262407], [-0.06948285743216566, 0.7926297100765983, 0.6057311905680186, 0.6825095989552713], [0.7605666249670552, -0.35082454100335236, 0.5463154312446333, 1.1355983659669715], [0.0, 0.0, 0.0, 1.0]]}, {"file_path": "rgb/17_01_57_768", "transform_matrix": [[0.8114031627985814, -0.4035333920890749, 0.4228305912177398, 2.436316804165389], [0.06265050010107148, 0.7793009886540806, 0.6235101313690563, 0.7450115449365324], [-0.581119456082434, -0.4794275446319881, 0.6576088557878448, 1.9859289712174664], [0.0, 0.0, 0.0, 1.0]]}, {"file_path": "rgb/16_47_07_256", "transform_matrix": [[0.44587846507985995, 0.5853740587469577, -0.6771481416382542, -2.7089237766356997], [-0.08742922447938235, 0.7813755745681905, 0.6179064186227262, 0.6969225964855854], [0.8908134064353553, -0.21630862861740688, 0.3995773418259534, 0.8702679536052218], [0.0, 0.0, 0.0, 1.0]]}, {"file_path": "rgb/16_51_28_324", "transform_matrix": [[-0.9472437983152134, -0.023842193216229872, -0.3196259319517215, -0.9416999570102306], [-0.08428532423827059, 0.9806607388090635, 0.17663663118535644, -0.9305833344250316], [0.3092331978805252, 0.1942577287551307, -0.9309343500738821, -4.6972061995966685], [0.0, 0.0, 0.0, 1.0]]}, {"file_path": "rgb/16_58_24_975", "transform_matrix": [[-0.00977512372591942, -0.5972675799873234, 0.8019824716614622, 3.439636855801397], [0.07607950987654827, 0.7992518921242856, 0.5961613213826384, 0.744449634003538], [-0.9970538376301883, 0.06684198405070992, 0.037627038616897715, -1.3175817394698848], [0.0, 0.0, 0.0, 1.0]]}, {"file_path": "rgb/16_59_39_674", "transform_matrix": [[0.4290713167933073, -0.4014933255128605, 0.8091359061825655, 2.959291304654], [0.07550708069961015, 0.9085919579012794, 0.4108032799301172, 0.06519620850817782], [-0.9001091521973761, -0.11516841409754607, 0.42016633673436576, 0.4305911941148253], [0.0, 0.0, 0.0, 1.0]]}, {"file_path": "rgb/16_47_00_800", "transform_matrix": [[0.44482608364206194, 0.49752060755205846, -0.7447167249180694, -2.927451355286948], [-0.0903178589840778, 0.852192638662938, 0.5153740301540536, 0.3461601836163204], [0.8910513114631484, -0.16199059130001905, 0.42401251003958906, 0.9546862695365733], [0.0, 0.0, 0.0, 1.0]]}, {"file_path": "rgb/17_02_55_727", "transform_matrix": [[0.9873541322165797, -0.0530240883297664, 0.14939967754865338, 0.9782600614744573], [0.017558947988249838, 0.9731848031190375, 0.22935348770774328, -0.6663328259277882], [-0.15755475537218938, -0.2238298126589867, 0.9618090839790671, 2.7547619361399143], [0.0, 0.0, 0.0, 1.0]]}, {"file_path": "rgb/16_53_26_258", "transform_matrix": [[-0.9348176903349629, -0.08723647566770755, 0.34424654413644007, 1.7653538692038668], [-0.019951125030549743, 0.9807291218325698, 0.19435107974881957, -0.9039466351741233], [-0.3545671141643285, 0.17481472164149695, -0.9185433983490301, -4.193109240406276], [0.0, 0.0, 0.0, 1.0]]}, {"file_path": "rgb/16_48_42_553", "transform_matrix": [[-0.19523173153262513, 0.389766480645486, -0.8999814784583097, -2.753264424914382], [-0.11703898892550885, 0.9018230721268248, 0.415953148384563, 0.11334877849510945], [0.9737486565197752, 0.18654017568601036, -0.13044660509558964, -2.064207696667223], [0.0, 0.0, 0.0, 1.0]]}, {"file_path": "rgb/16_50_47_717", "transform_matrix": [[-0.8548669239715818, -0.002754110653980161, -0.5188400111536028, -1.8450006998998565], [-0.10179416997199543, 0.9814417754257736, 0.1625115023892717, -0.9806332907746864], [0.5087636870483953, 0.19174059644115893, -0.839282464023472, -4.47429086378909], [0.0, 0.0, 0.0, 1.0]]}, {"file_path": "rgb/16_43_57_944", "transform_matrix": [[0.9153547872235375, 0.0382952395088636, -0.4008230134833968, -2.0177855676027967], [-0.0432660267342019, 0.9990579550692263, -0.00335460035339914, -1.727120156896502], [0.40031695497141734, 0.020412668709761776, 0.916149364742757, 3.680862483262222], [0.0, 0.0, 0.0, 1.0]]}, {"file_path": "rgb/16_51_16_011", "transform_matrix": [[-0.8565975310185978, 0.3129498598195892, -0.4102475534256621, -1.2158977324785243], [-0.09043295664504467, 0.6917148356520213, 0.7164861942084667, 1.0898829703011825], [0.5079985730346863, 0.6508402041805627, -0.5642202392833188, -3.127258029071841], [0.0, 0.0, 0.0, 1.0]]}, {"file_path": "rgb/16_45_59_265", "transform_matrix": [[0.6218066951233484, 0.3202291660414913, -0.7147095319891501, -3.092661001177057], [-0.0787658333925095, 0.9335280733213518, 0.3497445922539879, -0.20704681410864526], [0.7791998314872525, -0.16117883712601935, 0.6056971232166628, 1.5142018666656833], [0.0, 0.0, 0.0, 1.0]]}, {"file_path": "rgb/16_58_43_905", "transform_matrix": [[0.21972032999303773, -0.11532091485922673, 0.9687229031997648, 4.297313348062406], [0.07089934336996007, 0.9922504573820269, 0.1020407415440865, -1.1524083245165202], [-0.9729831754441893, 0.04626139233950383, 0.22619377507206395, -0.4648198986720605], [0.0, 0.0, 0.0, 1.0]]}, {"file_path": "rgb/16_55_20_723", "transform_matrix": [[-0.6444428994823703, -0.36827234847645274, 0.6701259781969304, 2.8321418319979133], [0.02614248605160665, 0.8652561108826549, 0.5006480130823096, 0.40939312441890985], [-0.7642054172340028, 0.3401578162086838, -0.547980602158819, -3.563536583506491], [0.0, 0.0, 0.0, 1.0]]}, {"file_path": "rgb/17_04_21_844", "transform_matrix": [[0.9555746472267677, 0.1227035779146919, -0.2679942640139365, -0.8431475919400981], [-0.027876247663436854, 0.9427753981446624, 0.33226113746476627, -0.21112976768712902], [0.2934280293251568, -0.31002964474402556, 0.9043127838233008, 2.2575713554486962], [0.0, 0.0, 0.0, 1.0]]}, {"file_path": "rgb/16_48_10_252", "transform_matrix": [[0.01880836402004533, 0.5506829112785305, -0.8345025923678676, -2.8160880549022678], [-0.11109429189797332, 0.8306328689978139, 0.5456254166075375, 0.5253666265863897], [0.9936318753696345, 0.08244615313198798, 0.07680057345592829, -0.993632407194572], [0.0, 0.0, 0.0, 1.0]]}, {"file_path": "rgb/17_01_29_235", "transform_matrix": [[0.8101984867278053, -0.0615904885711784, 0.5829108197842422, 3.2889960931866757], [0.050266753220262916, 0.9981013960038746, 0.03559293210470255, -1.5072784735056879], [-0.5839962890504244, 0.0004636945980801876, 0.8117561945329719, 2.8614918178983677], [0.0, 0.0, 0.0, 1.0]]}, {"file_path": "rgb/16_56_49_452", "transform_matrix": [[-0.21955329205498722, -0.5881814474431089, 0.778356561500927, 2.9040883430141364], [0.06185385806604579, 0.7878257685237496, 0.612784349255355, 0.8087190761916211], [-0.9736377417654691, 0.18268317747863994, -0.136588449277912, -2.26554339891097], [0.0, 0.0, 0.0, 1.0]]}, {"file_path": "rgb/16_42_06_616", "transform_matrix": [[0.9698845106173121, 0.07538260638505283, -0.23160634429827948, -0.6516972849755505], [-0.023300389351441027, 0.975255430781818, 0.21984980460906084, -0.827312611135197], [0.24244819636509596, -0.2078324021541567, 0.9476415802897971, 3.972911317932099], [0.0, 0.0, 0.0, 1.0]]}, {"file_path": "rgb/17_01_36_063", "transform_matrix": [[0.8137238756987165, -0.1912835026289534, 0.5488752825003677, 2.8395269113068586], [0.05336521065076765, 0.9648964426827965, 0.25715172406632647, -0.5783714078179697], [-0.5787966900476006, -0.1799596524782264, 0.7953671573995604, 2.3414735543304475], [0.0, 0.0, 0.0, 1.0]]}, {"file_path": "rgb/16_56_09_027", "transform_matrix": [[-0.4472101564603196, -0.5483103801440055, 0.7066532409782549, 2.7669559484737385], [0.04428780216160707, 0.775517000540687, 0.6297713652208003, 0.8448843143348956], [-0.8933317785338375, 0.31293626970792676, -0.32253561751046483, -2.8829424683019655], [0.0, 0.0, 0.0, 1.0]]}, {"file_path": "rgb/16_48_49_364", "transform_matrix": [[-0.19313768162231557, 0.5373496343648644, -0.8209465307713432, -2.5001490766572703], [-0.11363673823282779, 0.8188191787046424, 0.562691606752099, 0.6168667885547047], [0.9745688932350347, 0.20196663841684742, -0.0970821781030773, -1.9760827375083747], [0.0, 0.0, 0.0, 1.0]]}, {"file_path": "rgb/16_49_28_509", "transform_matrix": [[-0.42074746923588324, 0.49010628295202496, -0.7633920346339415, -2.0369539872787223], [-0.11429885859325324, 0.8061564682851305, 0.5805579381649387, 0.696412522581053], [0.8999485196698078, 0.33152312144554114, -0.2831697051083078, -2.629924822848283], [0.0, 0.0, 0.0, 1.0]]}, {"file_path": "rgb/17_01_17_341", "transform_matrix": [[0.661304616169534, -0.5158238594838708, 0.5446117430059959, 3.258199190269685], [0.07336015129225495, 0.7670287041552036, 0.6374050950567989, 0.8149786144648099], [-0.7465215956924771, -0.38156613186858296, 0.5450805391642635, 1.5599717594894893], [0.0, 0.0, 0.0, 1.0]]}, {"file_path": "rgb/16_51_02_318", "transform_matrix": [[-0.8579896776212798, 0.17408632383757502, -0.4832676949145792, -1.473512907088617], [-0.09623262490338409, 0.8696852243464223, 0.4841352005976406, 0.2930093941954785], [0.5045720909835743, 0.461889123498521, -0.7294281613663066, -3.6496795100849067], [0.0, 0.0, 0.0, 1.0]]}, {"file_path": "rgb/16_45_12_958", "transform_matrix": [[0.6431221665488769, 0.313227460858066, -0.698772092071433, -3.1983072827669847], [-0.0764374971428804, 0.9342178277605314, 0.34841693317766037, -0.19861974463709564], [0.7619390972538491, -0.1706622631362974, 0.6247585165623485, 1.4030944260353961], [0.0, 0.0, 0.0, 1.0]]}, {"file_path": "rgb/16_55_54_423", "transform_matrix": [[-0.4450729514453534, -0.32796069404228806, 0.8332777754476731, 3.1106319318527293], [0.03800220505265804, 0.9227671227961229, 0.3834796858996586, -0.07528380026580012], [-0.8946875992785734, 0.2023428285110834, -0.39823545729540016, -3.1366962263047133], [0.0, 0.0, 0.0, 1.0]]}, {"file_path": "rgb/16_55_06_477", "transform_matrix": [[-0.6484654252392508, -0.12427216300562002, 0.7510319712044106, 3.5108804070443025], [0.020289228693558356, 0.9834129678056194, 0.18024228679964124, -0.8510842247485935], [-0.7609736785647047, 0.1321187505755647, -0.6351879220184004, -4.210079260067904], [0.0, 0.0, 0.0, 1.0]]}, {"file_path": "rgb/17_02_23_317", "transform_matrix": [[0.927182156174221, -0.16674539321808352, 0.33545375704062214, 1.9308477991651016], [0.039936622874529454, 0.9343671956979847, 0.3540663917358743, -0.181810436588246], [-0.3724759259677054, -0.3148871503317189, 0.8729878390507335, 2.622295352727454], [0.0, 0.0, 0.0, 1.0]]}, {"file_path": "rgb/16_44_52_807", "transform_matrix": [[0.8057147776248339, 0.3865057138044031, -0.44881736855152266, -2.2846814565075855], [-0.05039835198913215, 0.7997373984027891, 0.5982308080604994, 0.6294650047935867], [0.5901556601725886, -0.4593837467656941, 0.6638394911224913, 1.891490127103528], [0.0, 0.0, 0.0, 1.0]]}, {"file_path": "rgb/16_50_55_170", "transform_matrix": [[-0.8579816775565058, 0.11374055172955312, -0.5009296635951807, -1.501729720456579], [-0.09907533337846022, 0.9202260998224642, 0.3786396750493575, -0.14788057292017837], [0.5040352361623845, 0.37449567700815045, -0.7782682497757029, -3.7524420528363347], [0.0, 0.0, 0.0, 1.0]]}, {"file_path": "rgb/17_04_15_054", "transform_matrix": [[0.9555423158637284, 0.09293081239031581, -0.2798262795061576, -0.8516155805497388], [-0.03067676018338662, 0.9752162217765994, 0.2191169942483364, -0.6651430468934774], [0.29325384733781995, -0.2007913964597348, 0.9347111832696321, 2.2908363050256244], [0.0, 0.0, 0.0, 1.0]]}, {"file_path": "rgb/17_02_37_214", "transform_matrix": [[0.9257251181971625, -0.2639922599791814, 0.27081560555096085, 1.694814620675052], [0.04661081492960364, 0.790249630997923, 0.6110097811322213, 0.6948811495466971], [-0.37531378534560583, -0.5530041657878636, 0.7438588274335538, 2.221827938290058], [0.0, 0.0, 0.0, 1.0]]}, {"file_path": "rgb/16_58_58_778", "transform_matrix": [[0.22515219713700793, -0.43552203641528386, 0.8715658574778281, 3.46821177248133], [0.07636758734067649, 0.8996706803214626, 0.4298379445485016, 0.17299701826571293], [-0.9713261448803597, -0.030219575883860834, 0.2358225975288575, -0.5266035650390678], [0.0, 0.0, 0.0, 1.0]]}, {"file_path": "rgb/16_44_09_738", "transform_matrix": [[0.9131505693285433, 0.16845340845242066, -0.3711865931249658, -1.7180994752633563], [-0.03834777993668989, 0.9420766295205247, 0.3331982471220025, -0.3129165261070835], [0.4058145949924474, -0.2900259872701233, 0.8667176248347012, 3.077615986161188], [0.0, 0.0, 0.0, 1.0]]}, {"file_path": "rgb/16_45_53_984", "transform_matrix": [[0.621727813959605, 0.2359521491693518, -0.7468474467060692, -3.136526958479458], [-0.08171249898495395, 0.9678807506247511, 0.23776021551071663, -0.6607341541242813], [0.7789593011567707, -0.08679536780515716, 0.6210386230090063, 1.5222187127410791], [0.0, 0.0, 0.0, 1.0]]}, {"file_path": "rgb/16_46_50_115", "transform_matrix": [[0.442685708418797, 0.26893042908926446, -0.8553980289149675, -3.1984436943213206], [-0.0970840272768456, 0.9627318306356092, 0.25243239476881224, -0.6264344111975368], [0.8914056625406056, -0.02870272793434437, 0.4522964715755258, 1.0284011988745945], [0.0, 0.0, 0.0, 1.0]]}, {"file_path": "rgb/16_58_11_325", "transform_matrix": [[-0.007426908288921428, -0.3450298540007892, 0.9385623265833025, 3.799774884937019], [0.07011154838754377, 0.9360986962963713, 0.3446789833670382, -0.19028447333160106], [-0.9975115096157883, 0.06836395717355652, 0.017238258137151585, -1.4247590900001368], [0.0, 0.0, 0.0, 1.0]]}, {"file_path": "rgb/17_02_30_446", "transform_matrix": [[0.9262275606863434, -0.22516325855301147, 0.3023309657028462, 1.8054928442236828], [0.04364984905311979, 0.860680186786693, 0.5072714330124088, 0.3408210216301823], [-0.37442916086045647, -0.4566520809879361, 0.8070140521866527, 2.425894716925226], [0.0, 0.0, 0.0, 1.0]]}, {"file_path": "rgb/17_01_50_390", "transform_matrix": [[0.812398841965438, -0.3451639034836256, 0.4699680854112975, 2.598145854571506], [0.06035263872175559, 0.8514241145842733, 0.5209937966077022, 0.3949470188603001], [-0.5799704135320485, -0.3948909429656909, 0.71252751707645, 2.1613287742564755], [0.0, 0.0, 0.0, 1.0]]}, {"file_path": "rgb/17_03_41_869", "transform_matrix": [[0.9976564662845243, 0.025760552984270154, -0.06338745294315253, 0.011597166431572289], [-0.0030331619410269325, 0.9421589119175915, 0.3351527780324966, -0.22692792527403202], [0.06835477459047942, -0.33417507178753614, 0.9400290666710679, 2.6012377215568065], [0.0, 0.0, 0.0, 1.0]]}, {"file_path": "rgb/16_49_35_330", "transform_matrix": [[-0.4199578019081899, 0.5829381064016818, -0.6955707072047118, -1.811919100524957], [-0.11124595583653556, 0.727586713444495, 0.6769356776895823, 1.024550798565582], [0.9006996069314434, 0.3616638474106312, -0.240706210035559, -2.493700808197375], [0.0, 0.0, 0.0, 1.0]]}, {"file_path": "rgb/17_03_02_595", "transform_matrix": [[0.9872952337643736, -0.07269365823087416, 0.14129314717693756, 0.9491583569967931], [0.020209441733060288, 0.9394403204616687, 0.3421161538947194, -0.2118713234278985], [-0.1576061542294237, -0.33491419250890236, 0.928974049048261, 2.719753586702887], [0.0, 0.0, 0.0, 1.0]]}, {"file_path": "rgb/17_04_08_140", "transform_matrix": [[0.9573006394716072, 0.02988908536020688, -0.28754500211894146, -1.0636598477873973], [-0.032634903755509335, 0.9994560068478441, -0.004759562230995664, -1.6251044463170032], [0.2872463206450526, 0.01394033543686649, 0.9577553019032506, 2.9212048362054754], [0.0, 0.0, 0.0, 1.0]]}, {"file_path": "rgb/16_44_42_006", "transform_matrix": [[0.8038466607582321, 0.24436232008689437, -0.5423261034742746, -2.5632921853600026], [-0.056964757650170325, 0.9391566422578878, 0.3387326640416406, -0.25964815789593476], [0.5921026620221334, -0.2413956458278396, 0.7688579711505, 2.240131420850035], [0.0, 0.0, 0.0, 1.0]]}, {"file_path": "rgb/16_52_27_895", "transform_matrix": [[-0.9949383929716388, 0.013055718383103909, -0.09963504608576915, 0.10572251188446855], [-0.054617384369007156, 0.7620159337685809, 0.645250848901019, 0.830379310692264], [0.0843477060488332, 0.6474266482778558, -0.7574458393733512, -3.4860391205791874], [0.0, 0.0, 0.0, 1.0]]}, {"file_path": "rgb/16_41_18_022", "transform_matrix": [[0.9999718215450208, -0.0025183052122893764, -0.007072075705913648, 0.2372634406268941], [0.004751590646051229, 0.9416548553047528, 0.33654651367577293, -0.37338123910971666], [0.005811927585988896, -0.33657063392376113, 0.9416402868812973, 4.23334205081553], [0.0, 0.0, 0.0, 1.0]]}, {"file_path": "rgb/16_44_20_581", "transform_matrix": [[0.91436036730175, 0.2633144740615808, -0.3075883717852185, -1.5379614856249115], [-0.031831850959277035, 0.8040584614570551, 0.5936975019518104, 0.5798634113703659], [0.40364817845781886, -0.5330623587433149, 0.7435809772437014, 2.6752665918463547], [0.0, 0.0, 0.0, 1.0]]}, {"file_path": "rgb/16_58_18_135", "transform_matrix": [[-0.007538869766293395, -0.4528546471644986, 0.8915524852661032, 3.716894510156284], [0.07279270305575901, 0.8889638841937155, 0.4521553217436003, 0.2520634734027987], [-0.9973185989564637, 0.06830725540336077, 0.02626273090859119, -1.3772445815223877], [0.0, 0.0, 0.0, 1.0]]}, {"file_path": "rgb/16_41_07_168", "transform_matrix": [[0.9999806146832988, -0.0009862116301904813, -0.006147978873729626, 0.254108860454577], [0.0023352441364491343, 0.9747063978885089, 0.22347703360755225, -0.8283427869268248], [0.005772078692683397, -0.22348705846609615, 0.9746898059412219, 4.260719589983994], [0.0, 0.0, 0.0, 1.0]]}, {"file_path": "rgb/16_48_35_746", "transform_matrix": [[-0.1953726303654321, 0.2809089824280808, -0.9396380573898186, -2.8174490262337457], [-0.1198829043267486, 0.9440759977820314, 0.3071621716000291, -0.3333415220594595], [0.9733743496488262, 0.1726576207500915, -0.15077042628659548, -2.1158304950879607], [0.0, 0.0, 0.0, 1.0]]}, {"file_path": "rgb/16_54_33_441", "transform_matrix": [[-0.8019290440005482, -0.23744884757158408, 0.5482042075497899, 2.532638527484337], [0.004700311607837802, 0.9150844400142062, 0.4032348877697417, 0.018937802772125492], [-0.5974007996807132, 0.32594249865706904, -0.7327167065858607, -4.243783856449568], [0.0, 0.0, 0.0, 1.0]]}, {"file_path": "rgb/17_03_34_939", "transform_matrix": [[0.9976437315796933, 0.02092513650505713, -0.06533852999562652, 0.022441050608386196], [-0.005909668077747606, 0.9750231929752958, 0.2220244333028913, -0.68062560905606], [0.06835247371496898, -0.22111515511720095, 0.9728494372278479, 2.637515937925883], [0.0, 0.0, 0.0, 1.0]]}, {"file_path": "rgb/16_47_18_124", "transform_matrix": [[0.2467143950874515, 0.07342691929152594, -0.9663024861708617, -3.948971437331177], [-0.11172485176477348, 0.9926317224953037, 0.04690224935059901, -1.4487774675418763], [0.9626263889769341, 0.09638854195059779, 0.25310014663343355, 0.01520132426108856], [0.0, 0.0, 0.0, 1.0]]}]}